-0.407974266452062639398690180314588360488414764404296875,-0.55379771385576070930056857832823880016803741455078125,-0.278898856310306364481022001200472004711627960205078125,0.10819840248739180654791169899908709339797496795654296875,-0.33831096600353893766310875435010530054569244384765625,-0.293743223745339232522155725746415555477142333984375,-0.006399998174059712448269454654337096144445240497589111328125,-0.24288282550053896802211284011718817055225372314453125
0.12339292132608299656926220677632954902946949005126953125,-0.1638577339971563073817151234834454953670501708984375,-0.09675393182414095127885644842535839416086673736572265625,-0.339420216558148080121526390939834527671337127685546875,-0.273166935163799473595958033911301754415035247802734375,0.22687815929450760865648817343753762543201446533203125,-0.313578903728832847352947510444209910929203033447265625,-0.0193626805295823677111055616251178435049951076507568359375
0.17453861620749078209513527326635085046291351318359375,0.1383123864115348988779174987939768470823764801025390625,-0.151009798984661269827256546705029904842376708984375,0.022315555982906874754601034283041371963918209075927734375,0.0384622088366662062686174294867669232189655303955078125,0.1616969281340926156698145632617524825036525726318359375,-0.029041734498343400872055752870437572710216045379638671875,-0.046165182269151470995094399540903395973145961761474609375
-0.254843033651218908719471301083103753626346588134765625,-0.2843822299611875603631006015348248183727264404296875,0.413602283983816765289276418116060085594654083251953125,-0.411949105325575437586138605183805339038372039794921875,-0.440498828747720116982833360452787019312381744384765625,-0.4367013575212290721339059018646366894245147705078125,0.2648443011346073294731695568771101534366607666015625,0.29225384386352837307043728287681005895137786865234375
0.3145517605807928163130782195366919040679931640625,0.008409049969864225426707804444959037937223911285400390625,0.01256812760664710766633778149525824119336903095245361328125,-0.06707328894901558313801359645367483608424663543701171875,-0.51744058450794849779441619830322451889514923095703125,-0.1650116284158454071917532246516202576458454132080078125,0.01653921502778658847443438162372331134974956512451171875,0.263098030049622677584153507268638350069522857666015625
0.244801318332822093193357204654603265225887298583984375,0.14729993230400084680553618454723618924617767333984375,-0.0204389038618853040307765667193962144665420055389404296875,-0.400725412822647564237144024446024559438228607177734375,0.0124788605022162803204199832407539361156523227691650390625,-0.4168177293012222950352452244260348379611968994140625,0.2280782286125730140557976710624643601477146148681640625,-0.174828266248798713800027826437144540250301361083984375
-0.16879582580584429063463858256000094115734100341796875,0.1639671902840348083341126539380638860166072845458984375,-0.11517418082595776152032840400352142751216888427734375,-0.1466656540036146705308084392527234740555286407470703125,0.0842266514987481673681912752726930193603038787841796875,0.2310895553526422785406424509346834383904933929443359375,0.37495481721491874527174559261766262352466583251953125,0.2220222800067328805528887869513710029423236846923828125
-0.1998399852324389824875794374747783876955509185791015625,-0.488257254957816522189517627339228056371212005615234375,-0.034545431763740967745501819763376261107623577117919921875,-0.1563180424338852791965592814449337311089038848876953125,0.23327303554948397579238417165470309555530548095703125,0.07773409022925827083216887558592134155333042144775390625,-0.033089699576172824924125137613373226486146450042724609375,0.13714465654011787076882455949089489877223968505859375
0.1508004845899460766300848035825765691697597503662109375,-0.1817844620244951359122609346741228364408016204833984375,-0.01036817995069556908038777010006015188992023468017578125,-0.243572151205884324109973704253206960856914520263671875,0.54050294271748622332296463355305604636669158935546875,0.129090160594408420724477082330849952995777130126953125,-0.1824431430989248148488712786274845711886882781982421875,-0.352839788512486818294888735181302763521671295166015625
-0.01048388095007305419181786731996908201836049556732177734375,-0.327390426092128372648204504002933390438556671142578125,0.051231565633725807684673014819054515101015567779541015625,0.09921921344350830007652319864064338617026805877685546875,-0.03277405269413551092139158527061226777732372283935546875,0.0538460414914820884035862036398611962795257568359375,0.2344505699795977615718101105812820605933666229248046875,0.28417819538375643784178237183368764817714691162109375
-0.1629214698659969540184278002925566397607326507568359375,-0.10603379190866764336664829215806093998253345489501953125,0.12474700149419105932313556195367709733545780181884765625,-0.1560174813920503777975312686976394616067409515380859375,-0.38307581775545340718736042617820203304290771484375,0.12000030262631844468756980859325267374515533447265625,-0.14828835162575548789476442834711633622646331787109375,-0.35972268002105922679589866675087250769138336181640625
0.05332681761482328808288144728066981770098209381103515625,-0.1513654612308561464573131161159835755825042724609375,0.038425835771227857817766704329187632538378238677978515625,-0.3847009213620500300834237350500188767910003662109375,-0.0800108975949531397997560588919441215693950653076171875,-0.53491323415089520043608217747532762587070465087890625,0.07051748017271923518745069259239244274795055389404296875,0.416875084464895129254813355146325193345546722412109375
-0.1300924879515816534603089849042589776217937469482421875,-0.1872162084597996656309959462305414490401744842529296875,-0.097928646020232879010336546343751251697540283203125,0.329142495369676602035013956992770545184612274169921875,-0.051583891843129260623701526355944224633276462554931640625,0.159700357040315876755443014189950190484523773193359375,0.5431430925814801913276141931419260799884796142578125,0.234734259753101692780319353914819657802581787109375
-0.61519836090499968594969004698214121162891387939453125,-0.2394337641166176255946851370026706717908382415771484375,-0.3662532569770127199859643951640464365482330322265625,0.184316028866939485286735589397721923887729644775390625,-0.5686274135745852387202603495097719132900238037109375,0.373315005465531035699910944458679296076297760009765625,0.0018667069892453632372342209322368944413028657436370849609375,-0.621380174783543015593068048474378883838653564453125
0.45683386431020134299529900090419687330722808837890625,-0.05622199564821687978177777722521568648517131805419921875,0.31593221581504160599962460764800198376178741455078125,0.305606206698218307860059894665027968585491180419921875,0.0922884577230555225302310873303213156759738922119140625,0.349836473129387870439899188568233512341976165771484375,-0.5055664493851408369806677001179195940494537353515625,-0.4825001850374217582384517299942672252655029296875
-0.1592195436654691709232878338298178277909755706787109375,0.45132308334340109912119487489690072834491729736328125,-0.148534685774263153223984090800513513386249542236328125,0.437791725730334591037973268612404353916645050048828125,-0.07808975085249370007289826389751397073268890380859375,-0.50417159025625146728799563788925297558307647705078125,-0.037879329842042397391566055375733412802219390869140625,-0.0262934755472766408523899173133031581528484821319580078125
0.2429018738824348100369121539188199676573276519775390625,0.1002902070351513186263758825589320622384548187255859375,0.034803278572647367017367514563375152647495269775390625,0.0202763064274517172680400989293048041872680187225341796875,0.07398150457153244985430973201800952665507793426513671875,0.0844960499405836562569760417318320833146572113037109375,0.41547962027702178833266088986420072615146636962890625,0.137872650128237961286714607922476716339588165283203125
0.428155199271053887866145259977201931178569793701171875,0.27448614994753850471198575178277678787708282470703125,-0.041576950571476541107518443141088937409222126007080078125,0.227304689605336562863158178515732288360595703125,0.0012903465277896153384773469952051527798175811767578125,-0.1748899690198539580432424145328695885837078094482421875,0.08616628370489809451981955135124735534191131591796875,-0.0272773523036446453871040063177133561111986637115478515625
-0.1971048671781587546814051847832161001861095428466796875,-0.2133762104233033196631907912887982092797756195068359375,-0.2913340574757505851977157362853176891803741455078125,-0.235812241971405656126847816267400048673152923583984375,-0.233955550487113861368726475120638497173786163330078125,0.149952324613574605738364198259660042822360992431640625,0.00111125045202846938451057834384982925257645547389984130859375,0.14121474174382198096822094157687388360500335693359375
0.11435168383197803765316535873353132046759128570556640625,-0.329123877890837579496263742839801125228404998779296875,-0.10118528727690996593668870673354831524193286895751953125,-0.23962927668335376463204511310323141515254974365234375,-0.0277980080479313940156060880326549522578716278076171875,-0.5015616537836111721304632737883366644382476806640625,0.463958077561310744396649852205882780253887176513671875,0.249439645105672014313569206933607347309589385986328125
0.11640921740569747100391140293140779249370098114013671875,0.0902355867758432850234129318778286688029766082763671875,0.278105749837090188147925573503016494214534759521484375,0.49770997676503225815025643896660767495632171630859375,-0.2187890510627061024795381172225461341440677642822265625,0.2105003471568167860983322725587640888988971710205078125,-0.08522218812225480777389208242311724461615085601806640625,-0.1171559347483201174444644721006625331938266754150390625
-0.1312118364972045814198509106063283979892730712890625,-0.4165331930929736525826001525274477899074554443359375,-0.1818922772120601383250004801084287464618682861328125,0.1308178644035021542801899840924306772649288177490234375,-0.258049589322698558202517915560747496783733367919921875,0.257298593805105835219393384249997325241565704345703125,0.1974466677576951767481006072557647712528705596923828125,-0.08036153035587996484867545632369001396000385284423828125
-0.67186837291404011285322894764249213039875030517578125,0.058058325359720781844163894902521860785782337188720703125,0.379867166369680819837384433412807993590831756591796875,-0.2079100714492780055397957994500757195055484771728515625,0.274281494514567791842551969239138998091220855712890625,-0.361808665387934713653095286645111627876758575439453125,-0.61121116886770787690608131015324033796787261962890625,-0.05548814164096420309402191151093575172126293182373046875
0.32050131467176823374387595322332344949245452880859375,-0.299104850197104921161184165612212382256984710693359375,-0.3064811219491423432970123030827380716800689697265625,-0.391717928557522021559833547144080512225627899169921875,-0.4262948560159587341189535436569713056087493896484375,0.2489385766530024801657106081620440818369388580322265625,0.404994790579996599699796888671698980033397674560546875,-0.1079450362305972854759517076672636903822422027587890625
-0.14733924104301288071638964538578875362873077392578125,0.25130892428170470420667470534681342542171478271484375,0.3426101045986051918390558057581074535846710205078125,-0.29779547999796884827361509451293386518955230712890625,0.53566313956816458130560931749641895294189453125,-0.82018227855290304351143504391075111925601959228515625,0.072988467696997905154177033182349987328052520751953125,0.687684592236048164437534069293178617954254150390625
0.315335448716585198258854916275595314800739288330078125,-0.1562243260441691650175499717079219408333301544189453125,0.04946553175199792928840025751924258656799793243408203125,-0.4632056493051741608013571749324910342693328857421875,-0.64324991038144185839797728476696647703647613525390625,0.1072257961138700366188203361161868087947368621826171875,-0.278404614541378159220386123706703074276447296142578125,0.348933447822584896780284680062322877347469329833984375
0.1180227024769451016350529926057788543403148651123046875,0.1747470380929329325514487436521449126303195953369140625,-0.35428513282180318366698656973312608897686004638671875,0.210160710807631989638366576400585472583770751953125,0.1410167767694747442686065141970175318419933319091796875,0.23452259685551879453413448572973720729351043701171875,0.1905314413438331244687873322618543170392513275146484375,-0.1529932343620717671850428587276837788522243499755859375
-0.208702683888490003738525047083385288715362548828125,0.0350177623994803732809799612368806265294551849365234375,0.154717410376736419497234464870416559278964996337890625,-0.71402751434475131286916393946739844977855682373046875,-0.0037234301587629504981524775075740762986242771148681640625,-0.12014856526175876627604566238005645573139190673828125,0.43037890752350060896702643731259740889072418212890625,-0.040855916060507847797911296083839260973036289215087890625
-0.40414338595500243211944280119496397674083709716796875,-0.1968942387434000906853981405220110900700092315673828125,0.324325215916986542286082340069697238504886627197265625,-0.23653469243603730820524333466892130672931671142578125,-0.31608283744159137995666242204606533050537109375,-0.54451286316062497139256493028369732201099395751953125,-0.173499623534813351977135198467294685542583465576171875,-0.3567896669595267411523309419862926006317138671875
0.50302414652091875790773656262899748980998992919921875,-0.10073883021102973678306824467654223553836345672607421875,0.1659621814901242886630683415205567143857479095458984375,0.1052603204580231655018707215276663191616535186767578125,0.2191629282470284600936594188169692642986774444580078125,0.54423737011498307669654650453594513237476348876953125,-0.035914742302993234168706493392164702527225017547607421875,0.084893680060829479483430759501061402261257171630859375
-0.017382143011545204969170441700043738819658756256103515625,-0.3530210358179666219058390197460539638996124267578125,0.286279498871186699471280689976993016898632049560546875,0.09941791130104300766578973025389132089912891387939453125,0.24870416465111355730499553828849457204341888427734375,-0.32757127572422373162908115773461759090423583984375,0.147993399188350804873692823093733750283718109130859375,0.09213362493104691741674372451598173938691616058349609375
0.09996422203206102585770764790140674449503421783447265625,0.005602503306960010358295232180125822196714580059051513671875,0.47205918511161881756521552233607508242130279541015625,0.413258745085807011054868098653969354927539825439453125,-0.266255797845616315466799051137058995664119720458984375,0.401878302330229641992076494716457091271877288818359375,0.04489621093820668484841718282041256316006183624267578125,-0.244467000703239401016020337920053862035274505615234375
-0.035551213502324090220962915509517188183963298797607421875,-0.0953308436100565315118871012600720860064029693603515625,-0.45184544069404652955057599683641456067562103271484375,0.2065834569268380216389147108202450908720493316650390625,0.1757800204873597726962231035940931178629398345947265625,-0.413198876686666161095473626119201071560382843017578125,0.381966918119882536952758300685673020780086517333984375,-0.496725905243282250811631683973246254026889801025390625
-0.065882841818579562787050463157356716692447662353515625,0.129270734426264244376625356380827724933624267578125,-0.54394957479330574567910616679000668227672576904296875,-0.3607100170605133104828610157710500061511993408203125,-0.10507322181750507195108212954437476582825183868408203125,-0.353749263230092758636402550109778530895709991455078125,0.2499840970386700556016279506366117857396602630615234375,0.10165864629570957322624025209734099917113780975341796875
-0.09413472153136566433762055794431944377720355987548828125,0.73437651019389582618401846048072911798954010009765625,-0.0995886686703445211943375170449144206941127777099609375,-0.173395565602841139618561783208861015737056732177734375,0.30812109259189413013046987543930299580097198486328125,-0.707752112230876750942343278438784182071685791015625,-0.46814083704552589271230544909485615789890289306640625,-0.0606693307356320488121781409063260070979595184326171875
-0.43045079955067200305762753487215377390384674072265625,-0.2451897044134468683918015585732064209878444671630859375,-0.156574591329969259323462438260321505367755889892578125,-0.038494873596647105618018258610391058027744293212890625,0.1967775518886450691891099040731205604970455169677734375,0.400474939950335284688520687268464826047420501708984375,-0.0725858584543938867295054251371766440570354461669921875,-0.2433296585334838446623706431637401692569255828857421875
0.1683987450606661828711452244533575139939785003662109375,-0.262819011940713387343038220933522097766399383544921875,-0.2145502416140398216359841399025754071772098541259765625,-0.468286121762891027753283879064838401973247528076171875,-0.85593664479589570692752431568806059658527374267578125,-0.66181046586153435828947522168164141476154327392578125,-0.304499215643307508116777171380817890167236328125,0.144547771594603580158633349128649570047855377197265625
0.340122828439424484958664152145502157509326934814453125,0.5751496575544525757806013643858022987842559814453125,-0.159906505347661986871088402040186338126659393310546875,-0.1213049133759998843284932945607579313218593597412109375,-0.058297389948207316290318402707271161489188671112060546875,-0.46350209294215061195387761472375132143497467041015625,-0.039157933899380388542699193976659444160759449005126953125,0.0977566982855447019762351601457339711487293243408203125
0.018349063077160589207981189474594430066645145416259765625,-0.279657973493314837565293373700114898383617401123046875,0.1234961448081314527858154406203539110720157623291015625,-0.2112979641445188738746452372652129270136356353759765625,0.1389805997311827912010784302765387110412120819091796875,0.3597559714611933134875698669929988682270050048828125,-0.031313898701279714587020208682588418014347553253173828125,0.08354909610238271666649012558991671539843082427978515625
0.308211374543057747832364157147821970283985137939453125,-0.462525683481300242672062950077815912663936614990234375,0.1412648089174835808190522357108420692384243011474609375,-0.284814584122952407785334116852027364075183868408203125,-0.17338513039679515070901061335462145507335662841796875,-0.368326970428199118590129046424408443272113800048828125,-0.0660740991247485975890185727621428668498992919921875,-0.2139268469309867637395683459544670768082141876220703125
-0.10174435080993120272818686089522088877856731414794921875,-0.267030612898153496548303564850357361137866973876953125,0.44675118427383708752387292406638152897357940673828125,-0.2311651256636363671592704349677660502493381500244140625,0.09940124563634279708512764273109496571123600006103515625,0.1619331721339971885686992436603759415447711944580078125,-0.359806149381859174951614477322436869144439697265625,-0.1656230009177880602155852329815388657152652740478515625
-0.41969694728611717238209166680462658405303955078125,-0.1725361136735692746402293096252833493053913116455078125,0.18189423411062366486845576218911446630954742431640625,0.289625042994294534803856322469073347747325897216796875,-0.08968529206508295270605657378837349824607372283935546875,-0.5079552764297046163477489244542084634304046630859375,0.039367144072345032490556349102917010895907878875732421875,0.278191384046962697507154871345846913754940032958984375
0.002302586331209604576797378427954754442907869815826416015625,0.1948792896182691969375611051873420365154743194580078125,0.438145609593065088471774970457772724330425262451171875,-0.2476963161878284191974586292417370714247226715087890625,-0.0329788396565423302941866268156445585191249847412109375,0.261737111088595486574348569774883799254894256591796875,0.02344383575920049034291281486730440519750118255615234375,-0.260917111240803245575392566024675033986568450927734375
-0.048062542098119213906937119418216752819716930389404296875,-0.005960955139911772691918567801394601701758801937103271484375,0.043965796392115223667484968927965383045375347137451171875,-0.1579692031365551863064666804348235018551349639892578125,-0.35128572835015037245653957143076695501804351806640625,-0.20263137641287876089535302526201121509075164794921875,0.2481532924092098024715369319892488420009613037109375,-0.714951657308521948408497337368316948413848876953125
-0.03799012240245493166046486521736369468271732330322265625,0.533497715602874844620373551151715219020843505859375,0.11014281244434119544362005171933560632169246673583984375,0.307823591382183014975026935644564218819141387939453125,0.1778033036116437315410365727075259201228618621826171875,-0.12190227589901457549981245165326981805264949798583984375,0.1069231713399222682969735842561931349337100982666015625,0.5257421160487874001177033278509043157100677490234375
-0.05266591737018465335662398274507722817361354827880859375,0.3681952834906547789017849936499260365962982177734375,0.419909579136587662873125736950896680355072021484375,0.09786070739864850820399766462287516333162784576416015625,-0.73321295493813842814034842376713640987873077392578125,-0.331737425119862983091678643177147023379802703857421875,-0.07481697646559516690079050249551073648035526275634765625,-0.2429285420108426851726335371495224535465240478515625
0.2999838237365184401284068371751345694065093994140625,-0.49274633603303163997821911834762431681156158447265625,0.048457501732892094281623940332792699337005615234375,-0.11060885958180118049387630208002519793808460235595703125,0.350638597361649206884948171136784367263317108154296875,0.384294884535051506357916650813422165811061859130859375,0.2149794179344846067891694474383257329463958740234375,0.009259293097548582096578684286214411258697509765625
-0.317534676566272933140311351962736807763576507568359375,0.16353829745810244400416877397219650447368621826171875,0.5188994334127043916993216043920256197452545166015625,0.25609561014541226686702657389105297625064849853515625,-0.10156530855846479521886749353143386542797088623046875,0.265894633574427385891425501540652476251125335693359375,0.10562591108031964270974611963538336567580699920654296875,0.242204804406873364097663170468877069652080535888671875
-0.1327958714194606704150913856210536323487758636474609375,0.61668277874402732674496974141220562160015106201171875,-0.1593965928275956900339593858006992377340793609619140625,0.01455371880912196928814505980653848382644355297088623046875,-0.0030570842523548499673757827821418686653487384319305419921875,0.10144980133080490347641244852638919837772846221923828125,0.127436750220036809633228358507039956748485565185546875,0.1704420853480471398366802304735756479203701019287109375
-0.08541631362079826761402046031435020267963409423828125,0.297392623423160362694517289128270931541919708251953125,-0.04729216732498091324554678749336744658648967742919921875,-0.410932445366904264272278624048340134322643280029296875,0.00890684012939433299160807422367724939249455928802490234375,-0.06654693766006303246030029185931198298931121826171875,0.43392357617098775701691693029715679585933685302734375,0.2181300914346891162143293740882654674351215362548828125
-0.079735846322617265347076909165480174124240875244140625,0.31637815777501721026254699609125964343547821044921875,0.194946826345488377629777687616297043859958648681640625,-0.313074192229074788063059031628654338419437408447265625,-0.1560236206417247861732988667426980100572109222412109375,-0.280519804048878051982995884827687405049800872802734375,0.426724756768885049584838498049066402018070220947265625,0.0589920074007843353580682332903961651027202606201171875
0.43922927848629134128799478276050649583339691162109375,-0.06014016201335235789482425161622813902795314788818359375,-0.01869668337978157290901748410760774277150630950927734375,0.138004912744844443484026896840077824890613555908203125,-0.369829840199371540077066811136319302022457122802734375,0.49440461385539735683636308749555610120296478271484375,-0.5011411601227118151058448347612284123897552490234375,-0.142581834325216261216695556868216954171657562255859375
-0.25244336354981744552361533351358957588672637939453125,0.1492082845042065064600222967783338390290737152099609375,0.490933876526458590205947984941303730010986328125,-0.129447988100506561348623790763667784631252288818359375,0.68144006696643855125472555300802923738956451416015625,-0.19346757853169982421803752004052512347698211669921875,-0.6511507370986475695673334485036320984363555908203125,-0.1042268203784969815561822770177968777716159820556640625
0.043005343038667688537746158772279159165918827056884765625,0.460448944879130628304864103483851067721843719482421875,0.00962308108632344005872738534890231676399707794189453125,-0.0401679773549938057275454639238887466490268707275390625,-0.378012687565502492059721362238633446395397186279296875,-0.113274335645359547353194784591323696076869964599609375,-0.36379805983493174181830909219570457935333251953125,-0.236394727062769927083962784308823756873607635498046875
-0.442880048261999503811381373452604748308658599853515625,-0.5941079585834410092815005555166862905025482177734375,-0.1973632750477289643509237748730811290442943572998046875,0.83588865796815081665727120707742869853973388671875,-0.09402947302317558875284220221146824769675731658935546875,0.01463272891947325730910289820485559175722301006317138671875,-0.233687381621651313334808719446300528943538665771484375,-0.435399560122245066207113950440543703734874725341796875
-0.15777410479901765594235030221170745790004730224609375,-0.08266203448002197584632000371129834093153476715087890625,0.08238966261139842039984415578146581538021564483642578125,0.464278469784068892334261136056738905608654022216796875,-0.3894659694287181395111474557779729366302490234375,0.0831326792947782722276173217323957942426204681396484375,0.29364459166396972289447830917197279632091522216796875,-0.1744367623453755566931278053743881173431873321533203125
-0.272488841900468792278644514226471073925495147705078125,0.2265774484666544796862552857419359497725963592529296875,-0.2288899583039698260034100485427188687026500701904296875,-0.46152715423326118315827670812723226845264434814453125,-0.1827777493341132541981863823821186088025569915771484375,-0.1784751356257239518487978102712077088654041290283203125,0.272561864579564272492717691420693881809711456298828125,0.65555509494886077259678813788923434913158416748046875
0.08930633673653316784157851770942215807735919952392578125,-0.004152951530376459109150655280018327175639569759368896484375,0.040063023381526167987498610045804525725543498992919921875,0.4534004102748985243209745021886192262172698974609375,-0.06657853644248022673135523064047447405755519866943359375,0.07266752286906762170470841510905302129685878753662109375,-0.1714276217779749644787301576798199675977230072021484375,0.31999311766859561689813062912435270845890045166015625
0.0975798785208124852541544669293216429650783538818359375,0.255243948986190238858995371629134751856327056884765625,-0.0232533467038135988058655811983044259250164031982421875,-0.18512776320052537482041543626110069453716278076171875,-0.341262939844793000698786045177257619798183441162109375,0.07010482006775153873689987449324689805507659912109375,0.8217650348482476996281320680282078683376312255859375,-0.377417903384350938988944790253299288451671600341796875
0.29349909178531430331560159174841828644275665283203125,0.065395307171642269583600182158988900482654571533203125,0.25262026446651064670589903471409343183040618896484375,-0.01451537152310751997708049287894027656875550746917724609375,-0.62120497091614479412413629688671790063381195068359375,-0.454272275272850689642467614248744212090969085693359375,-0.252911789912371676170010914574959315359592437744140625,-0.07429694092065945720815278718873742036521434783935546875
0.1422185191563379025314617365438607521355152130126953125,-0.1456682227314629596293116264860145747661590576171875,-0.1550418471879855542017168090751511044800281524658203125,-0.124206006187716100352957937502651475369930267333984375,0.10036625048404994309247939554552431218326091766357421875,-0.429815643204316588654734232477494515478610992431640625,0.10118131152521737947669322466026642359793186187744140625,-0.031307315873809693496099271214916370809078216552734375
0.00967362500606801234415144108425010927021503448486328125,0.077318966845467518300694109711912460625171661376953125,0.474154402375849659545536951554822735488414764404296875,-0.11406806692673555903017046375680365599691867828369140625,0.1535731773423001100820073361319373361766338348388671875,0.07184387225246390007438179736709571443498134613037109375,0.4218835297829219843634973585722036659717559814453125,-0.301959957625590524887826404665247537195682525634765625
-0.180257615036506335659538535765022970736026763916015625,0.45856087104152354338992836346733383834362030029296875,-0.143651526768428017266643337279674597084522247314453125,-0.12350073204279786442949529146062559448182582855224609375,0.2291797782518483206359860560041852295398712158203125,-0.0830539450258946654326308589588734321296215057373046875,-0.02819136611371926559588274585621547885239124298095703125,-0.0314606288374753295666863550650305114686489105224609375
0.367741534478382703365895167735288850963115692138671875,0.1822716471075421507119784791939309798181056976318359375,-0.401465634736938969950870159664191305637359619140625,-0.469406309562164059112632230608141981065273284912109375,-0.377929283109469993373608076581149362027645111083984375,0.162283990275398914970850228201015852391719818115234375,-0.35579327881246525233649435904226265847682952880859375,-0.227631633703246738509307078857091255486011505126953125
0.136138789477119104276425787247717380523681640625,-0.362380265088954656160780132267973385751247406005859375,0.14465158177705272901647504113498143851757049560546875,0.448244926588196312966516643427894450724124908447265625,0.109274724265310652082661135864327661693096160888671875,0.1296355606944257499169026459640008397400379180908203125,-0.457726603283764188478954793026787228882312774658203125,0.52721692002754050321300383075140416622161865234375
-0.056379836422593927747204389788748812861740589141845703125,0.66847607920325702313135707299807108938694000244140625,0.69298754654045946477225470516714267432689666748046875,0.090409051387200622951212380939978174865245819091796875,0.408919246726564933336334206614992581307888031005859375,0.1753522327728112284450645574906957335770130157470703125,0.482565331570020017437627757317386567592620849609375,-0.0538287390412851285415030133663094602525234222412109375
0.057155209848930611793438316681204014457762241363525390625,-0.08994219696086634685538996336617856286466121673583984375,-0.07946110708927230092957216811555554158985614776611328125,0.2321421624257971050298010595724917948246002197265625,-0.11673005839988347120961265090954839251935482025146484375,-1.006925970370505130091487444587983191013336181640625,-0.0199668271452465607984638751304373727180063724517822265625,-0.50100509119308023198158252853318117558956146240234375
0.11329505487473799651976236191330826841294765472412109375,-0.1864266734775455180983527725402382202446460723876953125,-0.01298798165871861177989021740586395026184618473052978515625,-0.31682364790871242465897239526384510099887847900390625,0.291757316200396576988396191154606640338897705078125,-0.03332322895989160704832698911559418775141239166259765625,-0.1824248800603789633090201505183358676731586456298828125,-0.01072214295188798904856497529181069694459438323974609375
0.236643726205745863477858392798225395381450653076171875,-0.1938464619856592741076184438497875817120075225830078125,0.062108995795899978042964306723661138676106929779052734375,-0.0892840024325810832639405134614207781851291656494140625,-0.270836425254831925091281163986423052847385406494140625,-0.1717537667552890834343770620762370526790618896484375,0.097719550070226535165573977792519144713878631591796875,-0.6026162702331292475577129152952693402767181396484375
0.54307524890312841581163638693396933376789093017578125,0.398820909107574783636351867244229651987552642822265625,-0.260507507088263479122502985774190165102481842041015625,-0.052349827576423625663526451035068021155893802642822265625,0.60116624357284109692045603878796100616455078125,-0.0003808331212212127188550259138111186985042877495288848876953125,-0.10306246998697539407618961604384821839630603790283203125,0.264124559003639458598655664900434203445911407470703125
0.02216664849523229674499447128255269490182399749755859375,-0.310954602009916258875676930983900092542171478271484375,0.07890136951044120217080291013189707882702350616455078125,0.195738061196263135599338056636042892932891845703125,0.06571742819613211883389425338464207015931606292724609375,-0.082724094263238734381360472980304621160030364990234375,-0.0307106763998136224336210631236099288798868656158447265625,0.416805497695893756304741373241995461285114288330078125
-0.00703073062028289862135377319418694241903722286224365234375,0.312673391624241958641761129911174066364765167236328125,-0.323889753137116820358443192162667401134967803955078125,-0.129942384244449538055476978115621022880077362060546875,-0.07777717224435089227174699999522999860346317291259765625,-0.232056874445390359795737822423689067363739013671875,-0.306643314405775468944881367860944010317325592041015625,0.1807759324603723516400322068875539116561412811279296875
0.08698235824400045446136431337436079047620296478271484375,0.1403096781338653287196649444013019092381000518798828125,-0.0232998924505642378279812731989295571111142635345458984375,-0.04777103559942195987186863703755079768598079681396484375,-0.048704550680666640338767336970704491250216960906982421875,-0.79715823303461075255427203956060111522674560546875,0.0742652970671484613518487094552256166934967041015625,0.196432557247960437596390192993567325174808502197265625
0.1231811797112645490148707949629169888794422149658203125,-0.34300840401063370510570393889793194830417633056640625,-0.1751378902103479517915474161782185547053813934326171875,0.0611802308312637543874501488971873186528682708740234375,-0.416792357423398984739293382517644204199314117431640625,0.06525986180979194417606237266227253712713718414306640625,0.363805153666911518239857059597852639853954315185546875,0.1438565459780807020973014687115210108458995819091796875
-0.373075080006101289509246043962775729596614837646484375,0.045531791734585623510067620145491673611104488372802734375,-0.1205543688992757045408410476738936267793178558349609375,0.27538641048084888662828006999916397035121917724609375,0.32969397002208911118259493377991020679473876953125,0.39597090832496040224697253506747074425220489501953125,0.03350870611638627483142016671990859322249889373779296875,-0.08009961441444433949410353079656488262116909027099609375
0.348940065429818757625213265782804228365421295166015625,-0.2067166985156496938902392912495997734367847442626953125,-0.06219778078703626367218504356060293503105640411376953125,-0.134628115036037387941547649461426772177219390869140625,-0.1182170526473408089795924524878500960767269134521484375,-0.020484961557771123874527319230764987878501415252685546875,-0.5683873993954791092875211688806302845478057861328125,0.0571149244836856306850592090995633043348789215087890625
0.312263555000656112259349583837320096790790557861328125,0.43003961839276472201021306318580172955989837646484375,0.89763850462612604363954460495733655989170074462890625,-0.01333369366576199997742602221251217997632920742034912109375,0.5524179106313524822979843520442955195903778076171875,-0.4443664582898116943709965198650024831295013427734375,-0.097685020467049021863914504137937910854816436767578125,-0.1600040300143605043192707171328947879374027252197265625
-0.019131911665673330402714924503015936352312564849853515625,-0.422920058845378921130730986988055519759654998779296875,-0.26234010845174793313816508089075796306133270263671875,0.409865909109727699632941266827401705086231231689453125,0.344000107788181075374467354777152650058269500732421875,-0.27637250903678867164359189700917340815067291259765625,-0.33647773153797067013925925493822433054447174072265625,-0.19217678818052930100890307585359551012516021728515625
0.258582913835942285185609534892137162387371063232421875,-0.308855562656610904692655594772077165544033050537109375,-0.24313365680214726882724107781541533768177032470703125,-0.042451019375925318211084658059917273931205272674560546875,0.138131712377594417784365532497758977115154266357421875,-0.25220803104262856653150493002613075077533721923828125,-0.379314417568484996134969833292416296899318695068359375,-0.466022360874277674636090296189649961888790130615234375
-0.1948955870155486269634792506622034125030040740966796875,0.09981742273127088005413298787971143610775470733642578125,-0.480192312615585148449781627277843654155731201171875,-0.419470870884599389416536041608196683228015899658203125,-0.54280721453235181162000344556872732937335968017578125,-0.01168758125825172626555126242919868673197925090789794921875,0.04603037543548445242880262640028377063572406768798828125,0.164555925600852581691668774510617367923259735107421875
0.016226097359842643619298740986778284423053264617919921875,0.277594936517705892509155773950624279677867889404296875,-0.11850046225351466844255554633491556160151958465576171875,-0.1419893830437679860256849906363640911877155303955078125,0.31041258980580399562398952184594236314296722412109375,-0.56423735521063556053178444926743395626544952392578125,-0.040659320149862780702232356588865513913333415985107421875,-0.043020997574017207087937464393689879216253757476806640625
-0.354229041804813904459336981744854710996150970458984375,0.1659645196366543451471642356409574858844280242919921875,0.009352057514656154924015396545655676163733005523681640625,0.13718461069140708286084873179788701236248016357421875,0.182351350395060063380725523529690690338611602783203125,-0.392849528325406260886865084103192202746868133544921875,0.492241017560949511988610538537614047527313232421875,0.08114308948908355301199435416492633521556854248046875
0.279930361246702841260258765032631345093250274658203125,0.00920949212983775654384199782498399144969880580902099609375,-0.2175209683023813511670851994495023973286151885986328125,-0.392177799260240156353773954833741299808025360107421875,-0.26467723725412917179511396170710213482379913330078125,0.334952540610043481006385945875081233680248260498046875,0.373710193869072337946590778301469981670379638671875,-0.06742146929481195039013385894577368162572383880615234375
-0.003540082851069510823383001962838534382171928882598876953125,-0.2179284734065618789333740323854726739227771759033203125,0.37259669424011276905872591669321991503238677978515625,-0.602686264906344693059736528084613382816314697265625,0.371259242276894607659443181546521373093128204345703125,-0.2968132378385324177116899591055698692798614501953125,0.40414207530387724620624112503719516098499298095703125,0.25712636649191555893168015245464630424976348876953125
-0.46065539273127509289906811318360269069671630859375,-0.11942596107182390507972513660206459462642669677734375,0.1123660392339723423926756140645011328160762786865234375,0.061096659830145165492876202506522531621158123016357421875,0.161896906518850636214068572371616028249263763427734375,-0.004956066559004085499140490611580389668233692646026611328125,0.10927576221088654284674390737563953734934329986572265625,-0.06388628980704751103569805081860977225005626678466796875
-0.387096640374904155113000570054282434284687042236328125,-0.498995421391260018939561859951936639845371246337890625,0.6940358393158068128769855320570059120655059814453125,0.47774938860563398446146265996503643691539764404296875,0.166407176716549531914068893456715159118175506591796875,-0.372358710569803907919350649535772390663623809814453125,0.03799372357919265918990703312374535016715526580810546875,0.0339989415107322667797262738531571812927722930908203125
0.0192324891796409706834491970539602334611117839813232421875,-0.0527169659536580736958200077424407936632633209228515625,0.462668136010707387040241655995487235486507415771484375,-0.0157538587377822718316178196573673631064593791961669921875,0.160695376295744318806413275524391792714595794677734375,-0.301061894044520828028765890849172137677669525146484375,-0.1720571395958352678423608494995278306305408477783203125,-0.46934249139494588209942094181315042078495025634765625
-0.10380781646972926657301883324180380441248416900634765625,-0.5219389379103198667309015945647843182086944580078125,-0.11283181103611238105255409891469753347337245941162109375,0.2463469616989909238835565474801114760339260101318359375,0.047982787535360525710270707122617750428617000579833984375,0.18598170561081683871407221886329352855682373046875,-0.109308628504804550285456343772239051759243011474609375,-0.71718204443182187457495047055999748408794403076171875
0.13215274581225522343430611726944334805011749267578125,0.05812203135230131767485772797954268753528594970703125,-0.2173803418370837403639228568863472901284694671630859375,-0.184122334693556710671913378973840735852718353271484375,0.144475898556516269000127294930280186235904693603515625,0.10205320754437703645312041089709964580833911895751953125,-0.1883150245274027856368093125638552010059356689453125,-0.5241644254319499651728619937784969806671142578125
-0.28428355056573606507441809299052692949771881103515625,0.46786951979756696839984897451358847320079803466796875,-0.06249175833442510707982364692725241184234619140625,-0.6022571385098001162106129413587041199207305908203125,-0.3843119549947251467614250941551290452480316162109375,-0.277741171640538853093715943032293580472469329833984375,-0.0032548621684875861555241716160935538937337696552276611328125,-0.447519812441473818775961035498767159879207611083984375
-0.275111987672134128413148346226080320775508880615234375,-0.3248759371213976177017457303008995950222015380859375,0.149737566186644688315254825283773243427276611328125,-0.375649486926441900092044079428887926042079925537109375,-0.59155287008427970274482277091010473668575286865234375,-0.1602310188913095012619436374734505079686641693115234375,-0.488696563870077926861057449059444479644298553466796875,-0.126148586721894273576793921165517531335353851318359375
-0.78204286180474402723206139853573404252529144287109375,0.316786453870220696682480365780065767467021942138671875,-0.5347493148215527458688711703871376812458038330078125,-0.018473981450014130556436242613926879130303859710693359375,0.125286827446683124431814349009073339402675628662109375,0.07980853354895160733928349827692727558314800262451171875,0.6100251070776516737481642849161289632320404052734375,-0.330370319256582944955624725480447523295879364013671875
-0.042984269674711465814009869745859759859740734100341796875,-0.56387711060253875583470062338165007531642913818359375,0.1147765626635834645963285538527998141944408416748046875,0.305385129395028986909466084398445673286914825439453125,0.10870716697179523546612500695118797011673450469970703125,0.288363981439975436416034426656551659107208251953125,0.260366747462494385612075120661756955087184906005859375,-0.404123836561481486473468294207123108208179473876953125
-0.135084656509244671607206100816256366670131683349609375,-0.267352314697790360842333257096470333635807037353515625,-0.30774368838773569212463598887552507221698760986328125,0.291090922116958805698772039249888621270656585693359375,-0.318613032082891489693565745255909860134124755859375,0.1624501530761037482175623836155864410102367401123046875,0.485907670855877160676072890055365860462188720703125,-0.365817022849349415825059850249090231955051422119140625
0.0084722636859020546140630614218025584705173969268798828125,-0.14523059305706664812163353417417965829372406005859375,-0.308712960740158026684554215535172261297702789306640625,0.2479290359246295316619779214306618086993694305419921875,0.3425777038778374805616522280615754425525665283203125,-0.8119315330337173453045807036687619984149932861328125,-0.1500731408670272770677911466918885707855224609375,-0.12405039032629050499423328801640309393405914306640625
-0.352658751117187196921776148883509449660778045654296875,-0.01281860975650776258982777022765731089748442173004150390625,-0.331847864852078455744077700728666968643665313720703125,-0.2097262861459990024304289590872940607368946075439453125,-0.64024390030307565258027580057387240231037139892578125,-0.0176030388363924324146569944105067406781017780303955078125,0.5326119736324896880574897295446135103702545166015625,-0.1248598936889563082441867436500615440309047698974609375
-0.432678238991022034998223944057826884090900421142578125,-0.547016744750904226890497739077545702457427978515625,0.0006796659103599079869428845057655053096823394298553466796875,0.10016215389004425040386792034041718579828739166259765625,0.05405301909276884197996793091078870929777622222900390625,0.328921883542832527158594757565879262983798980712890625,-0.3584130203876452203104463478666730225086212158203125,-0.3291170692256180085877304009045474231243133544921875
-0.1398306004397887603030170566853485070168972015380859375,-0.289214818089885417062845363034284673631191253662109375,0.437238102393220529062745072224061004817485809326171875,0.079276272452833473902700234248186461627483367919921875,-0.5549306457058535979598445919691585004329681396484375,0.316254245042685455668873828471987508237361907958984375,0.061020433625036125946383691598384757526218891143798828125,0.054662485619392360558510546297839027829468250274658203125
0.0140662745760637038217044647581133176572620868682861328125,0.232837981715946273908457442303188145160675048828125,-0.270163037127635952128201779487426392734050750732421875,0.1142013885787543647776232091928250156342983245849609375,0.40849106201034890428758217240101657807826995849609375,0.0738827264043766807066759838562575168907642364501953125,0.08749046976825523846965637631001300178468227386474609375,0.043880110260215633710689786539660417474806308746337890625
-0.04178950479634491177449717724812217056751251220703125,0.034507843222244059810943639377001090906560420989990234375,-0.268297839176840857700057085821754299104213714599609375,0.09568619530513315651898409441855619661509990692138671875,0.40081149106748037436176446135505102574825286865234375,0.25713668183907134601184907296556048095226287841796875,0.161831092815319321776001970647484995424747467041015625,0.04446038090042066237561613206707988865673542022705078125
0.11111229911279763005182985580177046358585357666015625,-0.18697306212742070830046259288792498409748077392578125,-0.324977398216110990869509578260476700961589813232421875,0.417394189579718022375942609869525767862796783447265625,-0.07319499530887448035532116819013026542961597442626953125,-0.0176347737685537860052864544968542759306728839874267578125,0.1509293057291839768030428103884332813322544097900390625,-0.087340475445737364434961591541650705039501190185546875
-0.316240543828074149868001541108242236077785491943359375,-0.0466738010500276079284276420366950333118438720703125,0.034783851188219465366824323382388683967292308807373046875,0.0232887319522633619295337581434068852104246616363525390625,0.26448447016325038472217556773102842271327972412109375,0.07636626264913763673103375140271964482963085174560546875,0.11479049150441840432268492122602765448391437530517578125,0.0104490446206591709732425243828402017243206501007080078125
-0.63867160091608654592931770821451209485530853271484375,0.1359192364489090476542543228788417764008045196533203125,-0.5228064125666669337277880913461558520793914794921875,-0.1374354533582417825510191278226557187736034393310546875,0.2126921948750064295108330725270207040011882781982421875,0.33002624818404091566748093100613914430141448974609375,-0.207971724296780902108139343908987939357757568359375,0.476273357945103281707588394056074321269989013671875
-0.08009268839665011074924194645063835196197032928466796875,0.44391594865590799923182885322603397071361541748046875,-0.050173302812139684847547727031269459985196590423583984375,-0.0189143533297627293443543550210961257107555866241455078125,-0.370976904075723090681293570014531724154949188232421875,-0.1390132241702326243437681796422111801803112030029296875,-0.1344322266525355136224106900044716894626617431640625,-0.232297662592373332923756379386759363114833831787109375
0.348914057403864441564422804731293581426143646240234375,-0.173006127274737575572061132334056310355663299560546875,0.137683440882955199224824127668398432433605194091796875,0.0273856759410762255757543215395344304852187633514404296875,0.241155756742992444241480143318767659366130828857421875,0.01486654248421044599570706168378819711506366729736328125,0.28601344944973849937497334394720382988452911376953125,-0.046328156671035458646912275071372278034687042236328125
0.3246137624603766536068860659725032746791839599609375,0.3800640599917983752931149865617044270038604736328125,-0.353792217455078439325433237172546796500682830810546875,0.04337157238962173477769823648486635647714138031005859375,-0.1306508910874887574582459137673140503466129302978515625,-0.223512725448659244076310415039188228547573089599609375,-0.0711964906267545105666982863112934865057468414306640625,-0.242443529095173471166191347947460599243640899658203125
0.0159299482438474866718980393898164038546383380889892578125,-0.048419682277459470676195252281104330904781818389892578125,-0.3487511474477713591113570146262645721435546875,-0.73608164595620106940287996621918864548206329345703125,0.69523863786916739737620218875235877931118011474609375,-0.64452267113299710477036796874017454683780670166015625,0.1525355514788873934062252146759419701993465423583984375,0.262743121468004492413683692575432360172271728515625
0.322477681743059740870904761322890408337116241455078125,-0.1400065482868324828746864341155742295086383819580078125,-0.036527870167051314231887459982317523099482059478759765625,-0.483369908593243080563439662000746466219425201416015625,-0.1621142858522584273561761847304296679794788360595703125,0.09692291520422156858582951599601074121892452239990234375,-0.11614169075490334004374659571112715639173984527587890625,0.309635203838468819892426608930691145360469818115234375
-0.373342250742778214434025585433118976652622222900390625,-0.054756914900869389783988339104325859807431697845458984375,0.331421566250272026099565891854581423103809356689453125,0.045496099592275400513852190442776191048324108123779296875,0.22523201646283919075131052522920072078704833984375,-0.080524681169872824870736849334207363426685333251953125,0.162249222730823150495638174106716178357601165771484375,-0.275804409220860080598214381097932346165180206298828125
0.11069536405664072431509481475586653687059879302978515625,-0.036320540363706362019247109174102661199867725372314453125,0.3247192078539222759303584098233841359615325927734375,-0.125262389526286155305712100016535259783267974853515625,-0.22725252180308774807571126075345091521739959716796875,0.062009577570376166189003441786553594283759593963623046875,0.413167308896870311141213960581808350980281829833984375,-0.1710113798340155144561691713533946312963962554931640625
0.0171204161333798031419117791074313572607934474945068359375,-0.07356553491023014312855110574673744849860668182373046875,0.10984757066122967372745478087381343357264995574951171875,0.08469242466412697789568397865878068841993808746337890625,-0.371133066994468296950770991315948776900768280029296875,-0.37022484145231970842360169626772403717041015625,-0.47290711573273058743183128171949647367000579833984375,-0.346404975560097694309291682657203637063503265380859375
0.13847480903521336426109655803884379565715789794921875,0.1824563737090545145758113676492939703166484832763671875,-0.26704503199546625324956039548851549625396728515625,-0.034980285721294059053665392866605543531477451324462890625,-0.2181809193854571116144569487005355767905712127685546875,-0.1717265443288499005003444608519203029572963714599609375,-0.08990834786642824816293995127125526778399944305419921875,-0.10581569756720989039511238161139772273600101470947265625
-0.51112845099328063636079377829446457326412200927734375,-0.061856711300272142206591041713181766681373119354248046875,-0.317046379285536084058350070336018688976764678955078125,-0.259639975697768587981073551418376155197620391845703125,0.00919855718896564304720708804552486981265246868133544921875,0.381768088348630241224412884548655711114406585693359375,-0.071983357278834592118954560646670870482921600341796875,0.1058377316101047072027796502879937179386615753173828125
-0.20409213818825289177283366370829753577709197998046875,0.2064814561953464966403970493047381751239299774169921875,0.1161327036585042826732916410037432797253131866455078125,-0.01066057924780883063575753766372145037166774272918701171875,-0.1541121531448828296806397020191070623695850372314453125,-0.307920750338456727934755008391221053898334503173828125,0.098515393160970188279890180638176389038562774658203125,0.403823668344882424907638096556183882057666778564453125