0.46863347747345629468185279620229266583919525146484375,-0.1871269035927624335702290636618272401392459869384765625,0.184191810898842789345764003883232362568378448486328125,0.34934198848474318221946077756001614034175872802734375,0.27742085042831721164446889815735630691051483154296875,0.0440175100811134589751105750110582448542118072509765625
0.111580581625790042910040256174397654831409454345703125,0.01936981116059270646712064944949815981090068817138671875,0.22414381765847435357130734701058827340602874755859375,-0.32348832249718839637608880366315133869647979736328125,0.201701169014126546752407875828794203698635101318359375,-0.108712878516923738825283862752257846295833587646484375
-0.12466247786470197045360919219092465937137603759765625,-0.0943063150824963170038017779006622731685638427734375,-0.1475746817261628651696270253523834981024265289306640625,-0.226719112073929751627332507268874906003475189208984375,-0.1902361103429855704316508990814327262341976165771484375,-0.0159403059770018284968529087564093060791492462158203125
0.2090218040791374798370583221185370348393917083740234375,0.001554360843467683141183588446665453375317156314849853515625,-0.289057624049312289482571713961078785359859466552734375,0.3425765060162355712947146457736380398273468017578125,0.25983734111892442530944435929995961487293243408203125,-0.1111493768471164822475572009352617897093296051025390625
0.06816901295997779275381844854564405977725982666015625,-0.244602220374534551350365063626668415963649749755859375,0.2491141472549716073814352057524956762790679931640625,0.08078864808625953186638213310288847424089908599853515625,0.1019266423107049457374984058333211578428745269775390625,0.091675961802485772533799490702222101390361785888671875
0.10836509592180214311962771489561419002711772918701171875,-0.121286175900692072548991973235388286411762237548828125,-0.03844209194131602280730675147424335591495037078857421875,0.0914677594508744029599967007015948183834552764892578125,-0.156546637451463854784350360205280594527721405029296875,-0.11786922954408125818748231949939508922398090362548828125
0.54151393900822719640331115442677401006221771240234375,-0.304612476010914956514596951819839887320995330810546875,-0.48906003197815250960189814577461220324039459228515625,0.0303439519254689489546894520799469319172203540802001953125,-0.14856970923989487598504410925670526921749114990234375,0.0565766721466670896578676774879568256437778472900390625
0.211265043890490888944810876637347973883152008056640625,-0.2353158609139064105786331992931081913411617279052734375,0.052605495536001800616077161976136267185211181640625,0.01212826477304176399363289107213859097100794315338134765625,0.07477936895986932175350858642559614963829517364501953125,-0.053290330781971394225049465376287116669118404388427734375
-0.287256795955122379293555923140957020223140716552734375,0.155574495739470908262092052609659731388092041015625,-0.035952833903259352743564392085318104363977909088134765625,-0.180284955949125358376505801061284728348255157470703125,-0.367635422505771580770073114763363264501094818115234375,0.10163078985033764667367250922325183637440204620361328125
-0.217008527800402750695951681336737237870693206787109375,0.154060522657707033022944642652873881161212921142578125,0.135097645731718285500022602718672715127468109130859375,0.1572947101717838414014494219372863881289958953857421875,-0.03261170129509340098739045288311899639666080474853515625,-0.059367092611378124988874560585827566683292388916015625
0.1324472350072695425726720941383973695337772369384765625,-0.1635447570036576980800901992552098818123340606689453125,0.174200734309539806421440744088613428175449371337890625,0.14230284557239836207287453362368978559970855712890625,-0.07322601850760757091762798154377378523349761962890625,-0.2108652260123171640060490972246043384075164794921875
-0.07721942815282166472368174936491413973271846771240234375,0.17780282352845422355613891340908594429492950439453125,0.43912710959914280639537764727720059454441070556640625,0.005554620787184408499392862523791336570866405963897705078125,0.251034163901660611895039210139657370746135711669921875,-0.109591872595007855384352524197311140596866607666015625
0.1909402159238692553433480725288973189890384674072265625,-0.06118024988992322443781546326135867275297641754150390625,0.221487216403659703534145819503464736044406890869140625,-0.10160838484628258171493797590301255695521831512451171875,-0.022285982659556023699476412502917810343205928802490234375,0.2999729083193745093893767261761240661144256591796875
0.213022672038989113740825587228755466639995574951171875,0.4631804218663619909790440942742861807346343994140625,-0.066814278896128342921656440012156963348388671875,0.84127346254048174234441148655605502426624298095703125,-0.09633156034337951589829884824212058447301387786865234375,0.09781038451893366014733288693605572916567325592041015625
0.451041720316890604181025992147624492645263671875,0.0081162181752915153742922171886675641871988773345947265625,0.43293091511594095077697375018033199012279510498046875,0.1560917314053785476257729669669060967862606048583984375,0.467831997723181125525826473676715977489948272705078125,0.0469099631199270394876776890669134445488452911376953125
0.7517868363111135376897209425806067883968353271484375,0.07395938295549779606385953911740216426551342010498046875,0.10706211689860552216391198498968151398003101348876953125,0.2118792805788524968857444719105842523276805877685546875,-0.1769356155118931572811646901755011640489101409912109375,0.638122424790294129337553385994397103786468505859375
0.1469918159100418175722069236144307069480419158935546875,0.7504576424923381505749375719460658729076385498046875,0.56533520767181355548558485679677687585353851318359375,0.45747757849945147601289363592513836920261383056640625,0.2670478088624117507521305014961399137973785400390625,0.71492081095028769954780045736697502434253692626953125
0.27470966616539305160671347039169631898403167724609375,0.74567153284098797172418926493264734745025634765625,-0.0216663060306709655267187741856105276383459568023681640625,0.92315955023076889940369937903597019612789154052734375,-0.36181738410265762428963398633641190826892852783203125,0.7211475263747029185168457843246869742870330810546875
0.481707977730766234714110396453179419040679931640625,0.0086095086671891425667002550881079514510929584503173828125,0.336325062028213384035524313731002621352672576904296875,0.3283421166647861877407876818324439227581024169921875,0.45200604331720894979440572569728828966617584228515625,-0.7384000057663382410311214698594994843006134033203125
-0.2469794829357074006370709184920997358858585357666015625,-0.0986729959710745119227937038886011578142642974853515625,0.282683847687751177435444560614996589720249176025390625,0.1443214410863822572128611909647588618099689483642578125,0.169583648228550709635698012789362110197544097900390625,0.00976762219946099123635274708021825063042342662811279296875
-0.2175349035380253759353053055747295729815959930419921875,0.01528641863148463668486964905923741753213107585906982421875,0.054689349516777341353446217908640392124652862548828125,-0.096968377089539925517414076239219866693019866943359375,-0.1582887126029345059574637843979871831834316253662109375,-0.059892872235010108372676995713845826685428619384765625
-0.103028337027868011066544795539812184870243072509765625,0.07764752901300864262879031230113469064235687255859375,0.1817624871502021566271878327825106680393218994140625,0.201640189637667555100364324971451424062252044677734375,-0.0686148547002284614482192637296975590288639068603515625,-0.294793537262899640882807261732523329555988311767578125
0.10341338075035873267371044903484289534389972686767578125,-0.08850421773574330963629819279958610422909259796142578125,-0.11518369845136004758767711564360070042312145233154296875,-0.1465623225892147274418420010988484136760234832763671875,0.4433922868934752070657623335137031972408294677734375,0.2075011745893749204316947043480467982590198516845703125
0.06246937070044324136208757636268273927271366119384765625,-0.0040051330670058567229308010837485198862850666046142578125,-0.029673430082960770837186004200702882371842861175537109375,0.1480988537369196944570859386658412404358386993408203125,-0.0024204087943718827040384677928841483662836253643035888671875,0.324241894367625016482037381138070486485958099365234375
-0.23997345401682690368971861971658654510974884033203125,-0.04416145629165139918637095206577214412391185760498046875,0.262565751759847254565016783089959062635898590087890625,-0.0109748201552121761592761828296715975739061832427978515625,0.0813268725407223502799070047331042587757110595703125,0.12061784395714898743268150838048313744366168975830078125
-0.187821786659080502968066639368771575391292572021484375,-0.0115188009523202426753751836940864450298249721527099609375,0.131000599912402926339183295567636378109455108642578125,0.0959011056479661949669690557129797525703907012939453125,0.09366740233934624237921440226273261941969394683837890625,0.03157505230845429611274965964184957556426525115966796875
0.1022702651967185849546382314656511880457401275634765625,-0.14606555295542855699153506066068075597286224365234375,-0.102754701874663900706963204356725327670574188232421875,-0.0208401833046886510170114803486285381950438022613525390625,0.108496685845911489121107251776265911757946014404296875,0.0244668331229872144938486400178589974530041217803955078125
-0.11379298572257849631039761106876539997756481170654296875,-0.002355187514535449742891781710341092548333108425140380859375,-0.03473100526380183683539115691019105724990367889404296875,0.0265530064633171247745480059165856800973415374755859375,-0.154595143956187841549620998193859122693538665771484375,-0.0773265244402530915746041273450828157365322113037109375
0.08443229391856706123054010504347388632595539093017578125,-0.253967607476857704096318002484622411429882049560546875,-0.07279158766104625033488417784610646776854991912841796875,0.237652520045113335722675174110918305814266204833984375,0.035511984457270322212973923114986973814666271209716796875,0.1334152396182012589864740448319935239851474761962890625
-0.0528486972306667912580024903945741243660449981689453125,-0.077450762656497806890598667450831271708011627197265625,0.025960956991043004915553638056735508143901824951171875,-0.25485153305288699154829146209522150456905364990234375,0.490200193920702409489109641071991063654422760009765625,0.127613046592200796158778075550799258053302764892578125
-0.018084720580016692970115599337077583186328411102294921875,0.117004776323083647948664065552293322980403900146484375,-0.046468049271422430523958979620147147215902805328369140625,0.209031160382559033639182644037646241486072540283203125,-0.052684083962534981881997708796916413120925426483154296875,0.322150342926213806293844754691235721111297607421875
-0.152830453986401548771567604489973746240139007568359375,-0.17462114007813955840475728109595365822315216064453125,-0.112229891254245373044540201590280048549175262451171875,0.037888223792339144335716838440930587239563465118408203125,-0.1535050610269245441319441169980564154684543609619140625,-0.204290735825806868408704985995427705347537994384765625
-0.1395133663770943555082482134821475483477115631103515625,0.060702362732299570968752533417500671930611133575439453125,0.1751766201591445637486543773775338195264339447021484375,-0.0759835976574599614163929572896449826657772064208984375,-0.428629978492787333532731963714468292891979217529296875,-0.54312501591678863377410380053333938121795654296875
-0.01015329870921226340652054886959376744925975799560546875,-0.13618524830210143594655392007553018629550933837890625,0.1850083197836248360967914550201385281980037689208984375,0.0809983177959732458806030308551271446049213409423828125,-0.226774635360568577180373495139065198600292205810546875,-0.133285200318944141439914119473542086780071258544921875
-0.00507501589350592939575701478815972222946584224700927734375,0.08960282333342217686578123903018422424793243408203125,-0.08740215690044768337418901182900299318134784698486328125,0.254523890995993429253729800620931200683116912841796875,0.2272396884100764402614203163466299884021282196044921875,-0.0982391985463415828849775834896718151867389678955078125
-0.2181627439235500620640095803537406027317047119140625,0.1563292031811826798826103868123027496039867401123046875,0.0907823839159554168976029586701770313084125518798828125,0.471255180189492417497376663959585130214691162109375,-0.042687266380113379760086189662615652196109294891357421875,0.1797751659420677439182867374256602488458156585693359375
-0.226165645400313419788318469727528281509876251220703125,-0.06042468398016283270823834072871250100433826446533203125,0.1625790484646165989790489447841537185013294219970703125,0.08793025571510028337574027545997523702681064605712890625,-0.392737644128178520208649615597096271812915802001953125,-0.0162665393737788897821072708893552771769464015960693359375
0.26994247558035866507708533390541560947895050048828125,-0.053068835100267545967778204385467688553035259246826171875,-0.2335607241169700143412768511552712880074977874755859375,-0.191555360210826697286989883650676347315311431884765625,0.39603050856619559372262528995634056627750396728515625,-0.178194063724313067620386163980583660304546356201171875
0.445192781172305929171528759979992173612117767333984375,0.08916590408011780544139668336356407962739467620849609375,0.23249642137066250935362177187926135957241058349609375,-0.19819179024717126225141328177414834499359130859375,0.1781434342186430652699158372342935763299465179443359375,-0.0577498208639802002029028926699538715183734893798828125
-0.0804001255151235716400748287924216128885746002197265625,0.461897460254028835446860057345475070178508758544921875,0.3173884943249960510769369648187421262264251708984375,0.0232943905291279895752865058966563083231449127197265625,-0.1684559852129176860113801694751600734889507293701171875,-0.083478395993051235368653806290240027010440826416015625
-0.10561870269434302238575895671601756475865840911865234375,0.11730731602700049387433267611413612030446529388427734375,-0.0853083902038724029015526184593909420073032379150390625,0.1401999963127555093311826794888474978506565093994140625,-0.048163540726493363208771114614137331955134868621826171875,-0.050161724551773645419672220668871887028217315673828125
0.130936508706307186411521570335025899112224578857421875,0.03869676610726001386719730135155259631574153900146484375,0.405666436808233055177907999677699990570545196533203125,-0.09900078699020146977272105459633166901767253875732421875,0.10019334547312509775540689815898076631128787994384765625,0.0847289181329084206684143509846762754023075103759765625
-0.158854181851756537380282452431856654584407806396484375,0.1610956517630923456874114663150976411998271942138671875,0.10369015694208071065585130554609349928796291351318359375,-0.0222725045134517900258241951405580039136111736297607421875,-0.21017097245964888596603259429684840142726898193359375,0.378320721628131184655075003320234827697277069091796875
-0.192795197201302614953277725362568162381649017333984375,-0.1504581834609819701586985729591106064617633819580078125,-0.3010784659618848113638023278326727449893951416015625,-0.1644245148196415706731698946896358393132686614990234375,0.0796074970477246568467677434455254115164279937744140625,-0.316999906290844568612641296567744575440883636474609375
-0.432383747762118686441823456334532238543033599853515625,-0.081482814590189300840705755035742186009883880615234375,-0.57252892996498572220076539451838470995426177978515625,-0.136272498235589234472087127869599498808383941650390625,0.138730127942520875539145208676927722990512847900390625,-0.1146622973212502449857908004560158587992191314697265625
0.002194629550274582001356815652570730890147387981414794921875,-0.303623249248970716873685660175397060811519622802734375,0.042366730526412786639323115878141834400594234466552734375,-0.01046006559081689990531316425403929315507411956787109375,0.1732078708887013485107075894120498560369014739990234375,0.09647501687510796897218057210920960642397403717041015625
-0.0274376117099845960589643567573148175142705440521240234375,0.030428723730629429755634163257127511315047740936279296875,0.0499738209500370789140077931733685545623302459716796875,-0.10520568728254463264359941376824281178414821624755859375,-0.2298433096305889933308463923822273500263690948486328125,-0.310235634044264851905126079145702533423900604248046875
-0.30090351688668992569120064217713661491870880126953125,-0.385607772816450478092775711047579534351825714111328125,-0.053971098773080490584863611047694575972855091094970703125,-0.030117254756339952026511497251703985966742038726806640625,-0.01360221333132656702791241087879825499840080738067626953125,-0.251207222262962936998320628845249302685260772705078125
0.1836152607350298726629489465267397463321685791015625,-0.10882333033474909933513430360108031891286373138427734375,-0.061482190496919643385442810767926857806742191314697265625,-0.1596403688954000366084784445774857886135578155517578125,0.44619387343914740373662652928032912313938140869140625,0.1573424738547946066802296627429313957691192626953125
0.0849029473167807469113910201485850848257541656494140625,0.34282635734771693680755788591341115534305572509765625,-0.052488263259831170748359596700538531877100467681884765625,-0.060345117293449511419733966022249660454690456390380859375,0.265339490747905137890683135992730967700481414794921875,-0.00018598418142532242435145672931895433066529221832752227783203125
-0.318669136571302746840927966331946663558483123779296875,-0.3441337437780536134823705651797354221343994140625,0.0879680191989758164528012684968416579067707061767578125,0.0582569735421886447657158214497030712664127349853515625,-0.01254663084683249434092555674169489066116511821746826171875,0.47575079199972669652396461970056407153606414794921875
-0.28902380111275516316737821398419328033924102783203125,0.37165134560151302789421379202394746243953704833984375,0.25691394927688604443716258174390532076358795166015625,-0.299768228289463090074917772653861902654170989990234375,0.301368810576633616715724883761140517890453338623046875,0.07886458075349640772788717413277481682598590850830078125
0.14359471621008157438126318083959631621837615966796875,-0.13605039784585748474654565143282525241374969482421875,0.2313753710579913025480180976956035010516643524169921875,0.1934645899134315449874321757306461222469806671142578125,0.53826052826122927630336789661669172346591949462890625,-0.195042289365015164559480354000697843730449676513671875
0.063792287801998470708753075086860917508602142333984375,0.112860840916448379456227257833234034478664398193359375,-0.43170017409842931233043827887740917503833770751953125,0.6695025141852994909896779063274152576923370361328125,0.01218106998441450226910998111407025135122239589691162109375,0.35035887196024051437603930025943554937839508056640625
-0.005305269878432093168252325909861610853113234043121337890625,0.477032764764737160501084645147784613072872161865234375,0.57572183956543432348240685314522124826908111572265625,0.7350668250602099274004785911529324948787689208984375,0.09076733902251776786584969158866442739963531494140625,0.9045219733669884742965905388700775802135467529296875
-0.328394355207702659527058131061494350433349609375,0.8166203132739660031091943892533890902996063232421875,-0.206156558357690367078163262704038061201572418212890625,0.8667620896566015087358891832991503179073333740234375,0.057009811348638771144603509810622199438512325286865234375,0.061900142572771023330435724574272171594202518463134765625
0.5049522816395082269735894442419521510601043701171875,0.2143094094785215897314145649943384341895580291748046875,0.0370985194558144104615138303415733389556407928466796875,-0.09416923342136819530256985899541177786886692047119140625,0.1660690098555238913835552239106618799269199371337890625,0.118378565984679606781782013058545999228954315185546875
-0.13680307877099961988420773195684887468814849853515625,-0.364776617759342502989028389492887072265148162841796875,-0.03227192135800104055842751904492615722119808197021484375,0.1735204233650602390071071567945182323455810546875,0.12113055819775415955508179877142538316547870635986328125,0.09409676389410515096045628524734638631343841552734375
-0.5098172359368950967706268784240819513797760009765625,0.117299421879617782327187569535453803837299346923828125,0.0704544699512224814608174483510083518922328948974609375,-0.274096061249071099030771847537835128605365753173828125,0.2340220015651823526336983150031301192939281463623046875,0.2474723915235338689289079638911061920225620269775390625
0.09967083508849190753853264368444797582924365997314453125,0.367963255999562643960842933665844611823558807373046875,-0.1702077384207832111417957321464200504124164581298828125,0.306217112871178753774614733629277907311916351318359375,-0.06730136679053895509827754040088620968163013458251953125,0.2205107080986066225847253008396364748477935791015625
-0.2359909884974864535678307220223359763622283935546875,-0.056581614056526334521901588914261083118617534637451171875,-0.12429173606462697032615238867947482503950595855712890625,0.160761835712487866079101195282419212162494659423828125,-0.417618726499450421130177346640266478061676025390625,-0.272246331716235745457055372753529809415340423583984375
0.160976132492841650378778695085202343761920928955078125,0.0216347872637487718960880300755889038555324077606201171875,-0.1250682947728336547044136750628240406513214111328125,0.04428940721721945361633032689496758393943309783935546875,-0.52033909084126650501644917312660254538059234619140625,0.048207345920700410413228809147767606191337108612060546875
-0.3207789571992820665258250301121734082698822021484375,0.06712300923543355890554806819636723957955837249755859375,0.0747160653886809467127960715515655465424060821533203125,-0.261750012652280317215769400718272663652896881103515625,0.06998271488251393834811864280709414742887020111083984375,-0.11778389716929048292026749322758405469357967376708984375
0.1434939175420353596468459045354393310844898223876953125,0.354637152828473578569656865511205978691577911376953125,0.276010018413615665355820283366483636200428009033203125,0.3288712942586775600517512430087663233280181884765625,0.0634781371706766017748435615430935285985469818115234375,-0.068086841070309933598991847247816622257232666015625
-0.18318738758530372923161166909267194569110870361328125,-0.2380722863875397166122382941466639749705791473388671875,0.0873309841717093415791595134578528814017772674560546875,0.034757396625938095924279735982054262422025203704833984375,-0.286875484238572564521518870606087148189544677734375,-0.13381340178613410074603962129913270473480224609375
0.10321910267048418907709361747038201428949832916259765625,-0.045821984278815418301089579244944616220891475677490234375,0.1328856458133096385409999129478819668292999267578125,-0.11142864026766663432255199950304813683032989501953125,0.093783388632768416304230640889727510511875152587890625,-0.137534527447678300848821209001471288502216339111328125
-0.0075462338507020811084746725327931926585733890533447265625,0.2213561466351371131988656770772649906575679779052734375,0.0163526918207293099627452903632729430682957172393798828125,-0.05596817048555051410385630106247845105826854705810546875,-0.034921474072572129820901665198107366450130939483642578125,0.02915707905741708738656114974219235591590404510498046875
-0.34849775219061307485191036903415806591510772705078125,-0.1452455426699752194519277281870017759501934051513671875,0.00121448148063574268805397959880565394996665418148040771484375,0.1768223991757658930534802266265614889562129974365234375,0.037269145891038579776477490668185055255889892578125,-0.2251567851120434837763895075113396160304546356201171875
-0.176606399633278343674902544080396182835102081298828125,0.328044788582235791185581774698221124708652496337890625,0.24941960160119214240381779745803214609622955322265625,0.35028102578471920214298052087542600929737091064453125,-0.50036177439286166901410979335196316242218017578125,0.38173303979062567226065993963857181370258331298828125
-0.231520460787938031632648971935850568115711212158203125,-0.1454459586810468163520226880791597068309783935546875,0.1942356178892810369962518279862706549465656280517578125,-0.33331279440905536848305246167001314461231231689453125,0.285922581754609994586502352831303142011165618896484375,-0.211038038493911284110282622350496239960193634033203125
-0.46716660407481536143592393273138441145420074462890625,0.1875817147357475567215345790827996097505092620849609375,0.0471513621711843189387991515104658901691436767578125,-0.1875706239448676482250988328814855776727199554443359375,-0.05409836766135019126000571532131289131939411163330078125,0.25827775528542706862111799637204967439174652099609375
-0.2470058347726871994520791986360563896596431732177734375,0.165055636989730303287871038264711387455463409423828125,-0.1635704323929490777711492910384549759328365325927734375,-0.35677949487844895504196074398350901901721954345703125,0.263696579663890318112606792055885307490825653076171875,0.6274038734783367043945645491476170718669891357421875
-0.27068706266191433496004492553765885531902313232421875,-0.0841345741228252952392807628712034784257411956787109375,0.16733847365494802783558725423063151538372039794921875,-0.060245728685922990408574406728803296573460102081298828125,-0.27644419582945800595297214385936968028545379638671875,0.28846925562972358658697658029268495738506317138671875
-0.27142330041872442247807839521556161344051361083984375,0.1600053438320528653715513200950226746499538421630859375,-0.051481379656612695494555254072110983543097972869873046875,-0.1449348692237104885283116573191364295780658721923828125,0.345485666015830916730777744305669330060482025146484375,-0.09437378197155334158541251099450164474546909332275390625
0.425328388518459055145370939499116502702236175537109375,-0.0666569431146999402670871859299950301647186279296875,0.12886714144683975025174049733323045074939727783203125,0.185237568503951066656298962698201648890972137451171875,0.196109253990711829285231715402915142476558685302734375,0.162694212654502734505257421915302984416484832763671875
0.1309691226969967037252473573971656151115894317626953125,-0.2135871337543321091256842692018835805356502532958984375,0.27476789844689364361585148799349553883075714111328125,0.2683373807953024492434224157477729022502899169921875,-0.2255260239935817090373149085280601866543292999267578125,-0.263702648827732033520732102260808460414409637451171875
0.1771407867818630410550184706153231672942638397216796875,-0.04014989476200438167641237896532402373850345611572265625,-0.215011076659816280365333795998594723641872406005859375,-0.289208929408958592688350108801387250423431396484375,-0.18850183151351307397902701268321834504604339599609375,0.383983514833282246758727751512196846306324005126953125
0.09475440512158024575217751817035605199635028839111328125,0.0174282448738743156457786653845687396824359893798828125,0.030694282547298314123285223331549786962568759918212890625,0.1477946980597268922252851552912034094333648681640625,0.250794695852015137038648617817671038210391998291015625,0.1598365745232324386382316561139305122196674346923828125
0.158446007160592816642719071751344017684459686279296875,-0.3431039717809418743144078689510934054851531982421875,-0.08633378781408194979629655563257983885705471038818359375,-0.1578577532829257557001056966328178532421588897705078125,0.0674321043499000183363278893011738546192646026611328125,-0.0248882730205640771703468061559760826639831066131591796875
0.1250760426686262360984613906111917458474636077880859375,-0.1503402163192495144539151397111709229648113250732421875,0.047198996875658129346309266338721499778330326080322265625,0.0515646861752472041029449201232637278735637664794921875,0.2160180333598570034947528029078966937959194183349609375,-0.097884536673598088185599408461712300777435302734375
0.03875097001306891664196285773869021795690059661865234375,-0.0208700746685059369822656805126825929619371891021728515625,-0.183285735759849133241772278779535554349422454833984375,-0.0980840406749784732287622546209604479372501373291015625,-0.1306087095095966599256342988155665807425975799560546875,0.036840165843470107365220655992743559181690216064453125
0.0013370127530544441592230686666198380407877266407012939453125,0.033880898200006802356565316358683048747479915618896484375,0.07904335287603357629304667852920829318463802337646484375,-0.1496057414558503995127836105893948115408420562744140625,0.1048162988785289739812611742308945395052433013916015625,-0.1697256657840714721974251233405084349215030670166015625
0.1712072116637142482620248529201489873230457305908203125,-0.186221808887645889907247465089312754571437835693359375,-0.22228061270175303310026038161595351994037628173828125,-0.2123255239070145072854955969887669198215007781982421875,-0.2384433250501699352863482772590941749513149261474609375,0.07364175780049621311551533153760829009115695953369140625
0.489999828484097232905725149976206012070178985595703125,0.389063716973278184152462699785246513783931732177734375,0.071519812230861290469619007126311771571636199951171875,-0.178482112876502452269988907573861069977283477783203125,0.58495431552522070273170129439677111804485321044921875,0.1158310471691738341437627468621940352022647857666015625
-0.03304717354013109176236184794106520712375640869140625,0.05743262706759877378459577812463976442813873291015625,-0.09057329553306148195446212412207387387752532958984375,0.350795831642643773928824657559744082391262054443359375,-0.1906707841989495333390181031063548289239406585693359375,-0.06805400315678895861726260818613809533417224884033203125
-0.1652001087353049124661907853806042112410068511962890625,0.0624544013354007276905832668489892967045307159423828125,0.170837675228799057425277396760066039860248565673828125,0.0649286250921050911433241026315954513847827911376953125,-0.64565812277884859771148740037460811436176300048828125,0.0248257955164375397616449703264152049086987972259521484375
0.047849714531744268197765990180414519272744655609130859375,-0.295418392427617415574303549874457530677318572998046875,-0.1361777979661506765562961618343251757323741912841796875,-0.09500612738206458407486110218087560497224330902099609375,0.153402597783844629741878407003241591155529022216796875,-0.1550173385848918339302571212101611308753490447998046875
0.16135588802363154403707312667393125593662261962890625,0.1139728023442971027723302768208668567240238189697265625,0.1902272974169541275291095416832831688225269317626953125,0.01322227914588050036448496626917403773404657840728759765625,-0.10089889636245162607419700862010358832776546478271484375,0.220298503440361670424607609675149433314800262451171875
0.040433871266045091907859188040674780495464801788330078125,0.2193019304419055182098219347608392126858234405517578125,0.2002673710683427199530370899083209224045276641845703125,-0.01078833780326018086659356498557826853357255458831787109375,0.10013374631223902200272135587511002086102962493896484375,-0.27735400627091111314115323693840764462947845458984375
0.389669686146032201445876808065804652869701385498046875,0.1034747154435013694051548327479395084083080291748046875,-0.04156807434436264603316857346726465038955211639404296875,0.14481524907833331905493423619191162288188934326171875,-0.309222618377301972092396908919909037649631500244140625,-0.1612801997228457684396829563411301933228969573974609375
0.0917224913969447996908712639196892268955707550048828125,0.07498190794302395101311731195892207324504852294921875,0.06507739463087815201536301401574746705591678619384765625,0.289104309691910976720663484229589812457561492919921875,-0.0559553184102384582043754335245466791093349456787109375,-0.012940978413353849962863506561916437931358814239501953125
-0.2084349931619871310051195223422837443649768829345703125,-0.018733071660835154403912383713759481906890869140625,0.03375460678050769269820108320345752872526645660400390625,0.402895760702026650701412791022448800504207611083984375,0.01087070039739375555687406205152001348324120044708251953125,0.180967252635896524992631384520791471004486083984375
-0.291227101921903652748113699999521486461162567138671875,-0.0204586196151862742542704154402599669992923736572265625,-0.09045756366593231401207475528281065635383129119873046875,0.09510692367726338025679666543510393239557743072509765625,-0.158490010101203060433050495703355409204959869384765625,0.0903344234100441345614029842181480489671230316162109375
-0.270650111924219338721542271741782315075397491455078125,-0.1709316256199328309950402626782306469976902008056640625,-0.0675719011151456327990416639295290224254131317138671875,-0.17590320156498673309641844753059558570384979248046875,-0.194524357139134240757272209521033801138401031494140625,0.25140286737556249985203749020001851022243499755859375
-0.149126706766054606401183946218225173652172088623046875,-0.07096790798238052089264016331071616150438785552978515625,0.0174264970635080139460537651530103175900876522064208984375,-0.0974368134573693200906063793809153139591217041015625,0.219803455495493349491908929849159903824329376220703125,-0.19932253866389182395124635149841196835041046142578125
0.032197196314119928828301198109329561702907085418701171875,0.183287523096665960764539704541675746440887451171875,-0.1746767562598277867547125197233981452882289886474609375,0.245764787952349073041347082835272885859012603759765625,-0.09857720606988711053997320732378284446895122528076171875,0.299674417753912736284149787024944089353084564208984375
-0.15855424616456359476757143056602217257022857666015625,0.0290925828915029570376216128124724491499364376068115234375,0.1491603210853686134473861102378577925264835357666015625,-0.12999783640967355058393195577082224190235137939453125,-0.051014452450793883186985766542420606128871440887451171875,0.04844162915060935825639631957528763450682163238525390625
-0.1904504841207037280081948438237304799258708953857421875,0.1174879004442350438619513397497939877212047576904296875,-0.0315015186775288447140752623454318381845951080322265625,0.143247376599266063035287288585095666348934173583984375,0.2319654566617093960356754678286961279809474945068359375,-0.261499181505006561554438349048723466694355010986328125
-0.1960199223334902207671603946437244303524494171142578125,0.002631746530798811066487186138829201809130609035491943359375,0.041564380556423800860965656056578154675662517547607421875,0.30970345789731312802217644275515340268611907958984375,0.156475555621808926076710122288204729557037353515625,-0.136039150384451357211901267874054610729217529296875
-0.2088524154079085259905212978992494754493236541748046875,-0.2161345316125732052281449568909010849893093109130859375,-0.34308313320777583665943666346720419824123382568359375,0.032115378677364060655552435719073400832712650299072265625,-0.4266937356972311246039453180856071412563323974609375,-0.07384908583594089470647503503641928546130657196044921875
-0.056277428212019565967327849875800893642008304595947265625,-0.1538022935711991501239737090145354159176349639892578125,-0.1053592293532050749860218274989165365695953369140625,-0.22230489555064869566791685429052449762821197509765625,-0.273056276791106500301253845464088954031467437744140625,-0.246039562456990712480120464533683843910694122314453125
0.1297994409984931929447071752292686142027378082275390625,-0.1675505511628533616974578990266309119760990142822265625,0.044392501396285706516398050780480843968689441680908203125,-0.08559325041785538490390905508320429362356662750244140625,-0.1735989727962460593690963150947936810553073883056640625,-0.240460381227347197441446269294829107820987701416015625
0.0525404066144612158506532750834594480693340301513671875,-0.1875606837642072033389695207006298005580902099609375,-0.44758415394315254065560338858631439507007598876953125,-0.06911222079975111454164249380482942797243595123291015625,-0.1890582313629503297125467042860691435635089874267578125,-0.1491054969835264587540990532943396829068660736083984375
0.2388634661326573815909313225347432307898998260498046875,-0.2540238507339493967407406671554781496524810791015625,-0.049455014877905434378391191785340197384357452392578125,0.06315696274413555577620371650482411496341228485107421875,0.5819673734582526680725322876241989433765411376953125,-0.33331736475126316765482670234632678329944610595703125
-0.32518535630617251275253920539398677647113800048828125,-0.004287284366460845756729991506972510251216590404510498046875,0.055045429243735531643633152043548761866986751556396484375,0.05259468316116068520305049105445505119860172271728515625,0.01643370868087161429382803135013091377913951873779296875,-0.09672279921107229672117000518483109772205352783203125
-0.0224968505889701249345069555829468299634754657745361328125,-0.10598737648529217569848270841248449869453907012939453125,-0.159356681887663664820564690671744756400585174560546875,0.321794841661326380677365932569955475628376007080078125,-0.370131542553378711790657007441041059792041778564453125,-0.31595414507304153683975300737074576318264007568359375
0.062051361860163412043078778879134915769100189208984375,-0.2636597676419842883888122742064297199249267578125,0.3129098260301097500502010007039643824100494384765625,-0.5365386896204908939722599825472570955753326416015625,0.059137203795620117696696382836307748220860958099365234375,0.047524606710894277961099163576363935135304927825927734375
-0.1487414358503631461871918872930109500885009765625,0.46777845016628460950158796549658291041851043701171875,0.397236324519651906594930323990411125123500823974609375,0.2208041731900665938237438012947677634656429290771484375,0.2042823171554892791590418710256926715373992919921875,-0.1106097193288321511861482804306433536112308502197265625
-0.0085282688373302349693627633087089634500443935394287109375,0.2052412055251832401214784340481855906546115875244140625,0.360373035948058861865916924216435290873050689697265625,-0.2060949980229341005344423365386319346725940704345703125,-0.2270915690981547552240726872696541249752044677734375,0.488005326166397968012944375004735775291919708251953125
0.19706527254929151471429804587387479841709136962890625,-0.0727907309701867344386982949799858033657073974609375,0.471152938614885774537555107599473558366298675537109375,-0.08075768169705042909267689310581772588193416595458984375,-0.2820739608710030044136374272056855261325836181640625,-0.129468857278912941044524131939397193491458892822265625
-0.1731099859716015154642576590049429796636104583740234375,0.0867266091118287507644168954357155598700046539306640625,0.3856420423033097844012218047282658517360687255859375,-0.08564462452482086984861808787172776646912097930908203125,-0.050189506025640186204217485510525875724852085113525390625,-0.042893822225505841283510477524032467044889926910400390625
0.125040435517906500795248803115100599825382232666015625,-0.25983293262418583058348531267256475985050201416015625,-0.07043532694675593008870606581695028580725193023681640625,-0.1596957638693374537108837785126524977385997772216796875,-0.12888274095055518575492214949917979538440704345703125,-0.3064244544400673841977322808816097676753997802734375
-0.27370174821530690589810319579555653035640716552734375,0.2178392482481345260314498091247514821588993072509765625,0.53992750216169194121818009080016054213047027587890625,0.181329074904202303120115402634837664663791656494140625,-0.2435687349873832674429507960667251609265804290771484375,0.0198641621727403232255948495321717928163707256317138671875
-0.0550157444808002937808311116896220482885837554931640625,-0.22299522937973481617746074334718286991119384765625,0.3534485151787623014030259582796134054660797119140625,0.391782105816002201859049591803341172635555267333984375,0.06560188347634944572295268017114722169935703277587890625,-0.1339644033423516844560907657069037668406963348388671875