-0.89745232167398825140480767004191875457763671875,0.61522203926563978626518292003311216831207275390625,0.2068607994890740708893162036474677734076976776123046875,-0.0271175091487221679720232003774071927182376384735107421875,-0.217591018096274291249159205108298920094966888427734375,0.26506705588711454435468795054475776851177215576171875,-0.1393877562808329972909859861829318106174468994140625,-0.20140385933380866578801260402542538940906524658203125
-0.2028700246640742221870823414064943790435791015625,0.1864248579079082757115060076102963648736476898193359375,0.04393598334904190438887638947562663815915584564208984375,-0.354645827377533418012234278648975305259227752685546875,0.1428615038290507455176481244052411057054996490478515625,0.1288449423653273140377706340586883015930652618408203125,-0.1717907644376209519432308070463477633893489837646484375,-0.046728223818901841457584822592252749018371105194091796875
0.1357506482385146540092790701237390749156475067138671875,-0.1496189713977174040593354220618493854999542236328125,-0.01233495582363977084716655241436455980874598026275634765625,0.406767159786673715426985609155963174998760223388671875,-0.2007097402819588427558272769601899199187755584716796875,0.0853299391991360067777350195683538913726806640625,0.013334953268452097441265635779927833937108516693115234375,0.1544042359554288756928741577212349511682987213134765625
0.047806205060376118221032726296471082605421543121337890625,-0.04136619688599595112687978826215839944779872894287109375,-0.488410257819617277252888243310735560953617095947265625,0.4966058409684033225772736841463483870029449462890625,0.78952681052231443725730741789448074996471405029296875,-0.52398397438257393599059241751092486083507537841796875,0.12866654048709380564474713537492789328098297119140625,-0.1667231850722387387353506937870406545698642730712890625
0.1940945730839085670016430640316684730350971221923828125,0.01273170679275427430443556886530132032930850982666015625,0.145536640552769325207549400147399865090847015380859375,0.034456432300053442541187820324921631254255771636962890625,-0.235465710526572780114662464256980456411838531494140625,0.109704975218698541628015163951204158365726470947265625,0.07994486603551979875259547725363518111407756805419921875,0.488423830942270653654446732616634108126163482666015625
-0.2419378532616894561524389928308664821088314056396484375,0.292296459990034562803629114569048397243022918701171875,0.1752087587017559233704133703213301487267017364501953125,0.02397941688105247048934387521512690000236034393310546875,0.274783153991619399914014820751617662608623504638671875,-0.08084223377900345841595708407112397253513336181640625,0.1755268651458792572572775725348037667572498321533203125,0.474928165503781640754965565065504051744937896728515625
-0.048179492196935132242163746241203625686466693878173828125,0.1075124452462528912288775018168962560594081878662109375,-0.4916969881553345800284660072065889835357666015625,-0.20564991264790755121083520862157456576824188232421875,0.0438658981613326559578780461379210464656352996826171875,0.1399879517420603292077174728547106496989727020263671875,0.22863194529617436590029910803423263132572174072265625,-0.058257128518154725760336276607631589286029338836669921875
-0.057085515656369927028901400944960187189280986785888671875,0.54308957576286409629773288543219678103923797607421875,-0.1832910895532335049384897729396470822393894195556640625,-0.5469645309155011236867949264706112444400787353515625,-0.0936299192885055031609908837708644568920135498046875,0.1310644921878500734901962232470395974814891815185546875,-0.0886705855413148780197474252418032847344875335693359375,-0.478118549665022707362282972098910249769687652587890625
-0.29785918251690823854715972629492171108722686767578125,0.898239695765237211588782884064130485057830810546875,-0.587509550908630107102226247661747038364410400390625,-0.058416465038084626482106642697544884867966175079345703125,0.11596297928566222379398453767862520180642604827880859375,0.196188827011768041064243561777402646839618682861328125,-0.0525348634386425816789056852940120734274387359619140625,-0.10667848903112590874808773833137820474803447723388671875
0.130041381171045522524565285493736155331134796142578125,-0.1656006521779656015525006296229548752307891845703125,-0.20866398318173351444926311160088516771793365478515625,-0.16387850593300246071493120325612835586071014404296875,0.1381841364429053087281573652944643981754779815673828125,0.243657575239761337027033505364670418202877044677734375,0.051924355529467926262388033364914008416235446929931640625,1.021082245921529629839596964302472770214080810546875
0.16923767136211298467429742231615819036960601806640625,-0.304795054672798659822774425265379250049591064453125,0.494801284858777723485445676487870514392852783203125,-0.10784938685485946641140486690346733666956424713134765625,0.1491521431255564411610947672670590691268444061279296875,-0.1523338593955634590049186272153747268021106719970703125,-0.35229777444472265557351420284248888492584228515625,0.65951133584280163812962882730062119662761688232421875
-0.0754661691088387154291439173903199844062328338623046875,-0.04320370241518688148030236106933443807065486907958984375,0.03213554553678084346746146593432058580219745635986328125,-0.10197269826293060834832004957206663675606250762939453125,-0.12366238691275126260205041717199492268264293670654296875,0.258917144911763263959159075966454111039638519287109375,0.045800498246506234079067354514336329884827136993408203125,0.307761539515246929088476690594688989222049713134765625
-0.395989523175297286616824976590578444302082061767578125,0.00084345429010469004545147431173290897277183830738067626953125,-0.28326889250579012635711251277825795114040374755859375,-0.225870554101840814720247863078839145600795745849609375,-0.44751287888178648000092607617261819541454315185546875,-0.003411329681991130506613085771050464245490729808807373046875,0.0000285389632641510577267147941160629898149636574089527130126953125,-0.39814249579991167760084636029205285012722015380859375
-0.1833361633705970217267378075121087022125720977783203125,-0.08015011513270590970403617347983526997268199920654296875,-0.00048865289820229445248711552807208136073313653469085693359375,-0.10134529355242323511721025397491757757961750030517578125,-0.00739380178576572351378803915622484055347740650177001953125,-0.06396555605630500906944035932610859163105487823486328125,-0.314281822439286206982700377920991741120815277099609375,-0.06169804942786831503109823415798018686473369598388671875
-0.469314653576544060786801537688006646931171417236328125,0.241734877844911488775636598802520893514156341552734375,1.388548772303976885922338624368421733379364013671875,1.262244239697519088139188170316629111766815185546875,-0.20891337195852444086341392903705127537250518798828125,-0.0361225094595300222355405139751383103430271148681640625,-0.0252245537633342432892735729410560452379286289215087890625,0.05192092986563041911995952659708564169704914093017578125
0.04473707972781450215027376771104172803461551666259765625,-0.223905038264373967837883583342772908508777618408203125,-0.1806104899205701885822605845532962121069431304931640625,-0.326778198841609468505708946395316161215305328369140625,-0.255479302260290086490357452930766157805919647216796875,0.414312095680152980836652432117261923849582672119140625,0.07383713215853797418031234656154992990195751190185546875,-0.1361844784603210289919417164128390140831470489501953125
0.130351405045053103659569160299724899232387542724609375,0.062465875828068749553434457766343257389962673187255859375,-0.447251077696382115522766298454371280968189239501953125,0.2256611694461733985672680091738584451377391815185546875,0.2376984334430632672674477134933113120496273040771484375,0.5559480473846274417581980742397718131542205810546875,0.273352947499996279390188647084869444370269775390625,-0.04971562285822166138427036230496014468371868133544921875
0.29061203410545044523161095639807172119617462158203125,-0.078259400483614738330828686230233870446681976318359375,0.415922157510362600074671490801847539842128753662109375,-0.1714125082539914302071082374823163263499736785888671875,-0.1607678833476538782232267976723960600793361663818359375,0.0961028198132545252718728079344145953655242919921875,-0.306802754049384562851088276147493161261081695556640625,0.27294534689897720358686683539417572319507598876953125
0.121862724560915902660696019665920175611972808837890625,0.0921693046144963779031655803919420577585697174072265625,-0.1756538418003235901831970977582386694848537445068359375,0.229696131628055522089226769821834750473499298095703125,-0.52419344114044985616374106029979884624481201171875,0.1486381008674804438118854932326939888298511505126953125,-0.340676642129481066501028863058309070765972137451171875,-0.3141119285195077548422659674542956054210662841796875
0.0225072946364895630499969314541885978542268276214599609375,0.406017123924953982072594271812704391777515411376953125,0.21735638859481787310556910597370006144046783447265625,0.27768959565434025993369004936539568006992340087890625,-0.7658369243591465203024881702731363475322723388671875,-0.062465728799047652575193723123447853140532970428466796875,0.000543902413663454480964587478553085020394064486026763916015625,-0.272190998484849233651772237863042391836643218994140625
0.07460053688945790517639267136473790742456912994384765625,0.2412344464785341757728787115411250852048397064208984375,-0.171258406828939613308904199584503658115863800048828125,0.036511104457767777631271854943406651727855205535888671875,-0.4092324067998365233478352820384316146373748779296875,-0.0172272590598112514126416527915353071875870227813720703125,-0.471258869153780957095278836277429945766925811767578125,-0.02133906328890665393682724015889107249677181243896484375
0.01818356675762879126612148183994577266275882720947265625,-0.3140782779553215053880421692156232893466949462890625,0.1306442488898524600937633977082441560924053192138671875,0.61118187214017238861885061851353384554386138916015625,-0.7173957208914121252973927767015993595123291015625,-0.10007416120630606426455955215715221129357814788818359375,-0.36728480086307480068086306346231140196323394775390625,0.03870144475494687041905450541889877058565616607666015625
0.28338960441780403076705852072336710989475250244140625,0.31614883712035279916818808487732894718647003173828125,-0.1659215727895413383663480999530293047428131103515625,-0.259315829076468273850508694522432051599025726318359375,-0.24581832829958460973074352295952849090099334716796875,0.049785704026341644212738657415684428997337818145751953125,-0.5200200081631418669303457136265933513641357421875,0.293971287872292930121176368629676289856433868408203125
-0.053906916839436470889612706969273858703672885894775390625,-0.0958830377215523499412341834613471291959285736083984375,-0.2313328551873129190763478391090757213532924652099609375,-0.5086193228024089574290655946242623031139373779296875,0.48668116249664039596467546289204619824886322021484375,-0.283688618178592200091969743880326859652996063232421875,0.034177957002235082040186853191698901355266571044921875,0.1803200006239805974761480911183753050863742828369140625
0.1238136870302018743839056469369097612798213958740234375,-0.1319274367323133023699455179666983895003795623779296875,-0.448434812317666686709571877145208418369293212890625,-0.0137038527664324720489741338269595871679484844207763671875,-0.5246671437048673336533965994021855294704437255859375,-0.52888928417369385215351940132677555084228515625,0.1754758015388191705330456215961021371185779571533203125,0.377104312912378059063911450721207074820995330810546875
0.95221584360045430361907392580178566277027130126953125,0.207835776722756160328486885191523469984531402587890625,-1.2960130645656147141409064715844579041004180908203125,-0.84129031847193846971322273020632565021514892578125,-0.065961777609908123221060805008164606988430023193359375,-0.9333322950415701146908986629568971693515777587890625,0.27835998504063497183125264200498349964618682861328125,0.391817767857578103107840661323280073702335357666015625
-0.57880774781782984295119831585907377302646636962890625,0.1268577161524087892896517359986319206655025482177734375,-0.386589775064866525422502263609203509986400604248046875,-0.490467369680615383753519154197419993579387664794921875,-0.500922391444739378840722565655596554279327392578125,-0.5394927617741249736837971795466728508472442626953125,-0.529679601838656477497124797082506120204925537109375,0.034119547051309422058817943934627692215144634246826171875
-0.629535416546222581501979220774956047534942626953125,-0.532209009083175033083534799516201019287109375,-0.389068973247238047985518960558692924678325653076171875,0.024510836651776869710150918990620994009077548980712890625,-1.330816287196846747775680341874249279499053955078125,-0.463179474835442805957796963411965407431125640869140625,0.4250156350525740034385080434731207787990570068359375,-0.440157890119517170024465713140671141445636749267578125
-0.3416314137180709309404846862889826297760009765625,-1.1215488711939365362724174701725132763385772705078125,-0.511569147597128459636905972729437053203582763671875,0.455777535692006574574719479642226360738277435302734375,-0.61584605587702256901394548549433238804340362548828125,-0.52134295527005292125721780394087545573711395263671875,-0.364562503439997021015273048760718666017055511474609375,0.1045935180600459923905276582445367239415645599365234375
0.295647623480181087618490209933952428400516510009765625,-0.2168787712870981765345135272582410834729671478271484375,-0.2823226256320980898095740485587157309055328369140625,-0.073864103397457581134943893630406819283962249755859375,0.25844450673620611436120952930650673806667327880859375,0.299121637019614416974633286372409202158451080322265625,0.34671344272035697908762585939257405698299407958984375,0.07159733055974919213593210542967426590621471405029296875
-0.10121079738094611311094439543012413196265697479248046875,-0.7041128579750159932615360958152450621128082275390625,0.2189632471627065146702051379179465584456920623779296875,-0.00467365025485886632916621152844527387060225009918212890625,-0.273882023778221850296432648974587209522724151611328125,-0.2366230437532526875710203739799908362329006195068359375,-0.616283864216903065624819646473042666912078857421875,0.06982787426143655107324548225733451545238494873046875
0.06653811490121931682129030605210573412477970123291015625,0.426693992664364862843484615950728766620159149169921875,0.1879725288123008652974021970294415950775146484375,0.28978492239596054247385836788453161716461181640625,0.075181107476649244869548738279263488948345184326171875,0.147901251479040762859540336648933589458465576171875,0.16123719327498842179835492061101831495761871337890625,-0.04979056515977375863002407641033641993999481201171875
-0.12376109917163082008162433567122207023203372955322265625,-0.04440700610940388759484420688750105910003185272216796875,0.0683342836096526851097365806708694435656070709228515625,-0.0011738222895302696975605716289692281861789524555206298828125,-0.1636101142650678019752064074054942466318607330322265625,-0.288331804319537920999749758266261778771877288818359375,0.83107069222582141687638568328111432492733001708984375,0.2033687199398815093065451264919829554855823516845703125
0.293033214518012286031733992786030285060405731201171875,0.574816358445541908395171049050986766815185546875,-0.184697316330259708738736890154541470110416412353515625,-0.2077633848679352468469261339123477227985858917236328125,-0.0520631300849226097415822778202709741890430450439453125,0.08968038238251650751120536142479977570474147796630859375,0.06918435232040363869199239843510440550744533538818359375,0.22214478124096270761356208822689950466156005859375
0.01169537849526902130448124950135024846531450748443603515625,-0.137130555885552729566967400387511588633060455322265625,0.26586068090739300995295479879132471978664398193359375,0.0137275335617209510996605814625581842847168445587158203125,-0.384180351684826615343837374894064851105213165283203125,0.05134769580423821644377113670998369343578815460205078125,0.45528034239856152165515368324122391641139984130859375,-0.1249278118447207097663209651727811433374881744384765625
-0.40497048282270353691814079866162501275539398193359375,0.49528680872600883144940553393098525702953338623046875,0.291230278352895000093525368356495164334774017333984375,0.4508540433757224352717685178504325449466705322265625,-0.3152390078551989827104762298404239118099212646484375,0.125221672927696092703087060726829804480075836181640625,-0.036279973919624113054549496837353217415511608123779296875,-0.5168422554916645150768772509763948619365692138671875
0.218343521218517355730881490671890787780284881591796875,0.2125472439058174456416594466645619831979274749755859375,0.628193721465134302661681431345641613006591796875,-0.0776340573828247226817467208093148656189441680908203125,0.47085110194657797677564303739927709102630615234375,-0.0300776953634641318335862791855106479488313198089599609375,0.54139249871021710713847596707637421786785125732421875,-0.41418112522348982107445181100047193467617034912109375
0.06096753056313701513158065381503547541797161102294921875,0.02729861982529417641085700552139314822852611541748046875,-0.307193368853677595264883848358294926583766937255859375,-0.36861680302136046183392181774252094328403472900390625,0.2418466635601349834505668923156918026506900787353515625,0.057836409313573415580389536216898704878985881805419921875,-0.0932277664477844936197215020001749508082866668701171875,-0.3574190554876375269799382294877432286739349365234375
-0.62656899187963099873144301454885862767696380615234375,-0.60809454921128092141913157320232130587100982666015625,-0.0280265893155885008336536401429839315824210643768310546875,0.2413095815210221373181553872200311161577701568603515625,0.167386416884484801048671442913473583757877349853515625,-0.1774597822240643607560883765472681261599063873291015625,0.331492705664167497392469385886215604841709136962890625,0.2444927335354376285447841610221075825393199920654296875
-0.06856007030214132658141323872769135050475597381591796875,0.04684425980088706420456645673766615800559520721435546875,-0.272117997626204199956845286578754894435405731201171875,-0.14121945577889161160811681838822551071643829345703125,0.358798474441309023230672892168513499200344085693359375,0.280381113797326164682743865341763012111186981201171875,0.049969453597896444640991120422768290154635906219482421875,-0.1693532049025047447887715179604128934442996978759765625
0.006109262866137714353964582869593868963420391082763671875,-0.419882037481713654702986104894080199301242828369140625,-0.58322991869644591478305528653436340391635894775390625,-0.1579581914618558846630236303099081851541996002197265625,0.489654238664574581463284630444832146167755126953125,-0.413783616746350280113375674773124046623706817626953125,0.27373015063489336551327824054169468581676483154296875,0.018848604899016720148896553155282163061201572418212890625
0.2180208363460196252514577963665942661464214324951171875,-0.429570890196506238734031057902029715478420257568359375,-0.239682408074569586187152481215889565646648406982421875,0.12021066133781911633437999853413202799856662750244140625,-0.1584452623147804273262551078005344606935977935791015625,0.347457177690522256430227798773557879030704498291015625,-0.038490131100588208246104926502084708772599697113037109375,0.0679419225389867875719573930837213993072509765625
0.0200601494710316331782085086388178751803934574127197265625,-0.265043121761131039715309043458546511828899383544921875,0.367724285613961310303920981823466718196868896484375,-0.614631776412736474668463415582664310932159423828125,-0.35422611377318269365588321306859143078327178955078125,-2.01555928826479657800518907606601715087890625,-0.405987621457715330830495759073528461158275604248046875,0.2052224797340731488048959363368339836597442626953125
-0.07587597060151264616312261068742373026907444000244140625,-0.2338951229990635649613750501885078847408294677734375,0.307659719340209913962524979069712571799755096435546875,0.060071611945553986255941225635979208163917064666748046875,0.399271560452994667134163364607957191765308380126953125,0.06653999344976839480647612390384892933070659637451171875,-0.2346554538121638222580855881460593082010746002197265625,-0.12175264651350624356407337245400412939488887786865234375
-0.0738895360849501081634826959998463280498981475830078125,0.492131557467580471598722624548827297985553741455078125,-0.250678710552975581027368434661184437572956085205078125,-0.70179595254503868151374490480520762503147125244140625,-0.318526399479144739501634830958209931850433349609375,-0.06298355113727226173292450539520359598100185394287109375,-0.466677659620948370733373167240642942488193511962890625,0.224263010929009964922187236879835836589336395263671875
0.1494934695557018911049595999429584480822086334228515625,-0.1316283242793898911049410571649787016212940216064453125,0.0027594064458195872481527377573229387053288519382476806640625,0.1879554830538515963755941129420534707605838775634765625,-0.476978861719423441467569091400946490466594696044921875,-0.6233135729265508739871393117937259376049041748046875,0.3584182548234042808843469174462370574474334716796875,-0.0356681598301946400919604229784454219043254852294921875
0.1665587757757897857668893948357435874640941619873046875,0.378587071493856675008515821900800801813602447509765625,0.467071840694354090128825873762252740561962127685546875,0.30341872584118834144106813255348242819309234619140625,-0.41052085597865672905726341923582367599010467529296875,-0.1066782171147721836046429189082118682563304901123046875,0.33528724482710270393681639689020812511444091796875,-0.1758276145123123523905661613753181882202625274658203125
0.42535173962648109569073540114914067089557647705078125,0.2120907115899850203799559267281438224017620086669921875,0.390400933231577151882873977228882722556591033935546875,0.171462765152254947853549538194783963263034820556640625,-0.154952446294570445051164142569177784025669097900390625,-0.52649858187562248446056401007808744907379150390625,0.37386769911623496387420573228155262768268585205078125,0.37334016780864243134629987252992577850818634033203125
-0.14006879934283189559351967545808292925357818603515625,-0.02427537829589994367029959221326862461864948272705078125,0.75536006516421438927721965228556655347347259521484375,0.2204707471017617048669734458599123172461986541748046875,0.22845326645136221355159023005398921668529510498046875,-0.5273177896912153439501480534090660512447357177734375,-0.2477559889779997470693473360370262525975704193115234375,-0.06027997902283822873048535484485910274088382720947265625
0.477837071852545924866006998854572884738445281982421875,-0.01287049339088620902860071737450198270380496978759765625,0.17145626362432053735318504550377838313579559326171875,-0.34886615977359147766634350773529149591922760009765625,-0.42150156674247030164082161718397401273250579833984375,0.15369032670329574319367793577839620411396026611328125,-0.063753326125167875115806737085222266614437103271484375,-0.1645173178080052422966872427423368208110332489013671875
-0.2187221612047315077997922116992413066327571868896484375,-0.08336612125968857756053154162145801819860935211181640625,0.190145492213327715891324487529345788061618804931640625,-0.057483345592812630509005344947581761516630649566650390625,-0.1677445991272983050190958920211414806544780731201171875,0.2201136738689855876227596809258102439343929290771484375,0.424152856022593505169737682081176899373531341552734375,-0.194920694625163093416375659217010252177715301513671875
0.479540872601384615681041623247438110411167144775390625,0.0230910157391931124271078346055219299159944057464599609375,-0.31125810140266485515070371548063121736049652099609375,-0.11658611093851801998599881926566013135015964508056640625,-0.060855692601467344104992918119023670442402362823486328125,-0.06664178508738116679666063646436668932437896728515625,-0.287884947347541275686211292850202880799770355224609375,-0.1798828349239849633267596118457731790840625762939453125
-0.20125895566428919636337013798765838146209716796875,0.454770252426045018534495056883315555751323699951171875,-0.255222560276946064394820723464363254606723785400390625,0.351371347121432753279890448538935743272304534912109375,0.79433155782572584246992164480616338551044464111328125,-0.21596182263724783556568809217424131929874420166015625,0.192760398546201694447432828383170999586582183837890625,-0.156644230215390922733575962411123327910900115966796875
-0.38443551211198945249947200863971374928951263427734375,-0.6760937852676336401458456748514436185359954833984375,-0.5209704250737774433588356259861029684543609619140625,0.1692061459606170326086527211373322643339633941650390625,0.286836095286984449348466341689345426857471466064453125,0.453405636392791133726376529011758975684642791748046875,0.2177672578411599946246468562094378285109996795654296875,-0.274795745541913938314593224276904948055744171142578125
0.34878403319045203634374274770379997789859771728515625,-0.0624470787043352182354993828994338400661945343017578125,0.467593952772539511730798267308273352682590484619140625,0.2421794944367477164792745725208078511059284210205078125,-0.175727881989307277432743603640119545161724090576171875,-0.11820319689872639534744536149446503259241580963134765625,-0.235542663006382546608818984168465249240398406982421875,-0.05201873823633983151548676460151909850537776947021484375
-0.2092087546841084055859738555227522738277912139892578125,0.1138170549645042550768181399689638055860996246337890625,0.038238804711062945873578655664459802210330963134765625,-0.158446947618788358536079385885386727750301361083984375,0.389664135848479642465491679104161448776721954345703125,-0.264400508864890693150329070704174228012561798095703125,0.196648526397385337016743278581998310983180999755859375,0.208969627887319042702785054643754847347736358642578125
0.05389353463947325895144757623711484484374523162841796875,0.57325460462202870726144965374260209500789642333984375,0.481749958344986684011246325098909437656402587890625,0.1865248883560786941071540923076099716126918792724609375,-0.03497419140739997656108783985473564825952053070068359375,-0.37226610536907844828391489500063471496105194091796875,-0.09917951567158063419515912073620711453258991241455078125,-0.352444372096696934004711465604486875236034393310546875
-0.163400696561494751524179491752875037491321563720703125,-0.65569084181878611872207329724915325641632080078125,-0.1058834801618458165695102479730849154293537139892578125,-0.06751774357742405807680796669956180267035961151123046875,0.1868469648749380151997456778190098702907562255859375,0.10216370181307120323932480232542729936540126800537109375,-0.6554643020647634710229567645001225173473358154296875,0.0296969324584983145054462028156194719485938549041748046875
0.5967941176631159638787949006655253469944000244140625,0.08714271770420937979206854606673005037009716033935546875,0.5553972988433872881586239600437693297863006591796875,-0.15710074257033512790115992174833081662654876708984375,-0.1087986109230876519138320190904778428375720977783203125,-0.0715751731116232026153056722250767052173614501953125,-0.52583450618178406710256922451662831008434295654296875,-0.26831715248562915121510741300880908966064453125
-0.5632378622748801522135408959002234041690826416015625,-0.031341522628715444420688385207540704868733882904052734375,0.362832835777432693991073620054521597921848297119140625,-0.427331964397910601949348574635223485529422760009765625,-0.31159716102886048094688931087148375809192657470703125,0.1039799514266067370638069178312434814870357513427734375,0.10595402903577029463111358609239687211811542510986328125,-0.03222071100101338292365227289337781257927417755126953125
-0.11530642336920349233508886754862032830715179443359375,-0.1164675365249207283913079891135566867887973785400390625,-0.00871523559880839522595596946530349669046700000762939453125,0.08162659605091628078898935427787364460527896881103515625,-0.27184165437599905335019911944982595741748809814453125,-0.473766660489115254417669120812206529080867767333984375,-0.1977369684694448015438439369972911663353443145751953125,-0.156005688226535266238670374150387942790985107421875
-0.047464038903430157134710754007755895145237445831298828125,-0.428153144705978039308291727138566784560680389404296875,-0.031377178171331683576017468340069171972572803497314453125,-0.1376957348359012789362765261103049851953983306884765625,0.1554011694616393157719613782319356687366962432861328125,0.377255562831631419129507776233367621898651123046875,-0.397920716483423697606980340424343012273311614990234375,-0.0214669816911437806583595744314152398146688938140869140625
-0.792345598593944711041103801107965409755706787109375,-0.066682396624148321251368543016724288463592529296875,-0.476245872858090113499685003262129612267017364501953125,-0.1452535522034467951879577185536618344485759735107421875,0.030561761598846208520807721242817933671176433563232421875,-0.2281729325292516097345441039578872732818126678466796875,0.310119364199855362951296910978271625936031341552734375,-0.220151926938509046038916494580917060375213623046875
-0.35466406795472116275647067595855332911014556884765625,0.3224487108198272888870405950001440942287445068359375,0.674298861703884089280336411320604383945465087890625,-0.30815889272083907268751090668956749141216278076171875,0.25143048502587805881347549075144343078136444091796875,-0.2281966110861696483969041082673356868326663970947265625,0.331693626665888474658316908971755765378475189208984375,0.52589658662835370162014214656664989888668060302734375
0.43574036828799200815609538040007464587688446044921875,-0.1795798268094482563750347026143572293221950531005859375,0.81405031516982540029658821367775090038776397705078125,-0.038731012959020448549463111476143239997327327728271484375,0.1588131222254022534290385237909504212439060211181640625,-0.67992872744515064908910062513314187526702880859375,0.0444705767332780055323127044175635091960430145263671875,-0.12107898397864476358609664430332486517727375030517578125
0.327852074838876073048510306762182153761386871337890625,-0.06604404649026519857901718069115304388105869293212890625,-0.407013678261571698602239166575600393116474151611328125,0.01853233949714007400277893111706362105906009674072265625,0.477769318799586562018788526984280906617641448974609375,-0.031533207256611371638310714615727192722260951995849609375,-0.056703333795283437923639979771905927918851375579833984375,-0.1729091425659961822614008042364730499684810638427734375
0.1322253160615561029533893133702804334461688995361328125,0.57707980196395791683272591399145312607288360595703125,-0.0310425579617301487800329340416283230297267436981201171875,0.106367168117373400715308662256575189530849456787109375,0.1695864740628741096362119833429460413753986358642578125,0.0027637734337899850199649076643027001409791409969329833984375,-0.5423851764161768951311159980832599103450775146484375,0.292733430255408044740050854670698754489421844482421875
-0.162683179483397832854052467155270278453826904296875,0.163054567584467180463292379499762319028377532958984375,-0.1861337764989456911024490182171575725078582763671875,-0.52455189625791309726565714299795217812061309814453125,0.48982966943702821449591056079952977597713470458984375,0.488875861957313417871517913226853124797344207763671875,0.430210048157078361885652384444256313145160675048828125,0.237178852526700956193650426939711906015872955322265625
0.79194835074348268744159895504708401858806610107421875,-0.390012628911108827356457595669780857861042022705078125,-0.1206946029196722391940710394919733516871929168701171875,0.1322322239619191652781893253632006235420703887939453125,-0.29597851892416360275461784112849272787570953369140625,0.310581970896398551484907102349097840487957000732421875,0.06331600986421810628446138480285299010574817657470703125,-0.28987494571577554491881301146349869668483734130859375
0.2461693568483642458044613476886297576129436492919921875,0.479012214605911645914915197863592766225337982177734375,0.47072125089984029333578519072034396231174468994140625,1.004764012079597979010259223286993801593780517578125,0.459932955711544633192744413463515229523181915283203125,0.12195029603104391713319643031354644335806369781494140625,-0.12164658759825754119621166182696470059454441070556640625,0.3658209113932979761329988832585513591766357421875
-0.430626232882913628774446124225505627691745758056640625,-0.498720890614810674623669228822109289467334747314453125,-0.068150528541503441193327716973726637661457061767578125,0.26961974409060773805180133422254584729671478271484375,0.31287003088814724360844365946832112967967987060546875,0.5432837377987169702464598231017589569091796875,1.242451091168188970215169319999404251575469970703125,2.009096840716477760935276819509454071521759033203125
0.1961015802619859582645034379311255179345607757568359375,0.18941898168278437086797794108861126005649566650390625,0.30025788859585567092125302224303595721721649169921875,0.243643288632948651351028956923983059823513031005859375,0.05628406817095797654015854050157940946519374847412109375,-0.0584285330842602423917497844740864820778369903564453125,0.45490534602831000920986070923390798270702362060546875,0.36265055521179057063108075453783385455608367919921875
-0.52834738133179859342902773278183303773403167724609375,0.415989635469697749403650277599808759987354278564453125,-0.1837165532065274664574872076627798378467559814453125,0.08103138543280542782643038890455500222742557525634765625,0.3681331463890098465441269581788219511508941650390625,0.4513594253436441494642394900438375771045684814453125,0.258791603108879886274706905169296078383922576904296875,-0.4947220375501404365792268436052836477756500244140625
0.03196058868668760766240666271187365055084228515625,-0.2105755162830287574582399656719644553959369659423828125,-0.18259361815335772849522300020908005535602569580078125,0.312867702825604110383750366963795386254787445068359375,-0.33935496570404044547331068315543234348297119140625,-0.42327782350545761769211594582884572446346282958984375,0.02697528983143604452976660468266345560550689697265625,-0.433342423729069115001522050079074688255786895751953125
-0.2243995154686797277587828602918307296931743621826171875,-0.3373608636965552687314584545674733817577362060546875,-0.36610848088536973587991951717413030564785003662109375,-0.163036209712715096653568025431013666093349456787109375,0.1814838748423901748640929554312606342136859893798828125,0.68997525231733070061324042399064637720584869384765625,0.210310179931133822694988566581741906702518463134765625,-0.089526369125361104917004695380455814301967620849609375
0.059156488533003766250306654228552361018955707550048828125,0.224885663909780486591216686065308749675750732421875,-0.67014848461446963057142056641168892383575439453125,-0.46144372680560830080054302015923894941806793212890625,-0.231483471345732605417566674077534116804599761962890625,0.644266186655630068713662694790400564670562744140625,0.0997067692345148526289477786122006364166736602783203125,-0.1068082869564697390263319221048732288181781768798828125
-0.8735962959061580601627383657614700496196746826171875,0.1995902429697745950054610375445918180048465728759765625,-0.51925409226555585551210469930083490908145904541015625,0.261018759298366653798240122341667301952838897705078125,-0.28730559466598670770309809086029417812824249267578125,-0.431554836785949913480209261251729913055896759033203125,0.030553605379542665698711090271899593062698841094970703125,0.300014180761844884148814571744878776371479034423828125
-0.258655938233634474787692170139052905142307281494140625,0.025578834525679605693682105993502773344516754150390625,0.07674132649516217374863202849155641160905361175537109375,-0.052914242066367724037778685897137620486319065093994140625,-0.57746318151748055047534080586046911776065826416015625,-0.280645597346500519364553838386200368404388427734375,-0.2345173566701670708756211070067365653812885284423828125,0.1272410070486079958218539331937790848314762115478515625
-0.1875412622669872242386901461941306479275226593017578125,0.36615298555745845465736465484951622784137725830078125,0.62524783344975232157736400040448643267154693603515625,0.21817708649727374226046094918274320662021636962890625,0.0187942864299928090454638862638603313826024532318115234375,-0.1006592755123920657212011064984835684299468994140625,-0.2429495769789619397105440157247358001768589019775390625,-0.19859557989595799654125585220754146575927734375
-0.0889544600633982163184754199392045848071575164794921875,0.1857042859540835866294372635820764116942882537841796875,0.01082717736601068216073517902486855746246874332427978515625,0.2094929727350925696693906274958862923085689544677734375,-0.2245613887038556411024359249495319090783596038818359375,-0.3729060171498002063117382931523025035858154296875,0.376631520384350382268934254170744679868221282958984375,0.10413094619734493406770781120940227992832660675048828125
0.356297107077333918834227688421378843486309051513671875,0.38246141422298107759303320563049055635929107666015625,-0.20119292974022318087889971138793043792247772216796875,-0.81252720188317384408804855411290191113948822021484375,0.40679595911560462173639507454936392605304718017578125,-0.65214046409167603091106002466403879225254058837890625,-0.57690171138303103504085811437107622623443603515625,0.1865885705756038792646478441383806057274341583251953125
-0.046946646119383671214020381512455060146749019622802734375,-0.8399533872702991121883542291470803320407867431640625,-0.68244071537297046337045003383536823093891143798828125,-0.260492028860048907557001029999810270965099334716796875,-0.57252722953039436593059008373529650270938873291015625,0.0489733474226242415650034445206983946263790130615234375,-2.097269704799780587478608140372671186923980712890625,-0.82374197268462767684837899651029147207736968994140625
-0.479549821584561219989240044014877639710903167724609375,-1.0502223745914835983938928620773367583751678466796875,0.371978935832317059162477335121366195380687713623046875,0.1949800089360308186225978488437249325215816497802734375,-0.97283294190200575446425546033424325287342071533203125,-0.299352572303367647776894955313764512538909912109375,-1.1130357510554709232764025728101842105388641357421875,0.49691259048430413969299479504115879535675048828125
-0.09853451119499521959621546329799457453191280364990234375,-0.9436407083702202935882041856530122458934783935546875,-1.371787049327220397998416956397704780101776123046875,-0.250104148955372085350035149531322531402111053466796875,-1.1076121273068302297559739599819295108318328857421875,-0.97024269695451270667518883783486671745777130126953125,-1.0639444978407344155613145630923099815845489501953125,-0.17404382066066481637989227237994782626628875732421875
-1.524861757292304442756858406937681138515472412109375,-1.5744819550551538700489118127734400331974029541015625,0.24630994547917250958590784648549742996692657470703125,-1.044588261519284078104874424752779304981231689453125,-0.52219861564248815088973287856788374483585357666015625,-1.386743363915079019221820999518968164920806884765625,0.3638671921070504300388392948661930859088897705078125,-0.06757836730404252756354566145091666840016841888427734375
-1.1779823933151096770899357579764910042285919189453125,0.300427467584630847330373626391519792377948760986328125,-0.098897903728789982036317951497039757668972015380859375,0.1011920410264293967994575496049947105348110198974609375,-0.2205374485482272939318448834455921314656734466552734375,0.47456617566056624735182367658126167953014373779296875,-0.270400105059570627918930085797910578548908233642578125,0.72273174662713135507630113352206535637378692626953125
-0.33275057240687744286589122566510923206806182861328125,-0.1367698008160799505450455626487382687628269195556640625,-0.347346889104910072632037554285489022731781005859375,0.021391124427361275783798788552303449250757694244384765625,-0.21804986541815585265879917642450891435146331787109375,0.035031054741040186517597732063222792930901050567626953125,0.255367607784020733685537152268807403743267059326171875,-0.10055965829423312019041958365050959400832653045654296875
-0.1689830062018301826132216092446469701826572418212890625,0.08189039570835555947869721649112761951982975006103515625,0.3727232927045049937220255742431618273258209228515625,0.269576111863647216448924837095546536147594451904296875,-0.34241712715307570658040958733181469142436981201171875,-0.040018739893446265976084674775847815908491611480712890625,0.25210415866998137079946218364057131111621856689453125,-0.1056241363477452288588409601288731209933757781982421875
0.198152552208920307297290719361626543104648590087890625,-0.049288292066741574981580953362936270423233509063720703125,0.20403628242748228505121232956298626959323883056640625,-0.55077172314105438122311397819430567324161529541015625,-0.032372729905482837409191887445558677427470684051513671875,-0.266163167046151560857225604195264168083667755126953125,0.297955321576500342661830700308200903236865997314453125,-0.005268714276010903231617366060390850179828703403472900390625
-0.30698323532730131812940044255810789763927459716796875,0.1191919916683707725280072509121964685618877410888671875,-0.084688080641285912175675321122980676591396331787109375,-0.39155796737632131421236181267886422574520111083984375,0.11024363026620502548080793303597602061927318572998046875,0.43834054846588788034722483644145540893077850341796875,0.0000262898449829194891659393806815359084794181399047374725341796875,-0.27962852777002089599278633613721467554569244384765625
0.1276598996051755696701235365253523923456668853759765625,0.356698259021183516903619192817131988704204559326171875,-0.03083940983150394721246101426004315726459026336669921875,0.0857107731748214252132100909875589422881603240966796875,0.1232527747810270579709168714543920941650867462158203125,-0.324389327864891774400035728831426240503787994384765625,0.53295500919992322419460606397478841245174407958984375,-0.5634616599541020232067012329935096204280853271484375
0.10348957668982518287581484628390171565115451812744140625,-0.0776934274500427901610777325913659296929836273193359375,0.07296041453131764387141089400756754912436008453369140625,-0.136720343456930903958124190467060543596744537353515625,-0.506261583456432351368903255206532776355743408203125,-0.1873712969725500887552271933600422926247119903564453125,0.0938084918192334804576404394538258202373981475830078125,-0.2375780567671822718356366976877325214445590972900390625
-0.48623480002783481257466746683348901569843292236328125,-0.00968756667626143042060249399582971818745136260986328125,-0.0025409499245927606725370395679419743828475475311279296875,0.183979516297632039734111231155111454427242279052734375,-0.1934162577536346905304753818199969828128814697265625,0.029670860809852088457727603554303641431033611297607421875,0.29442700898153539856849647549097426235675811767578125,0.1685092818248059287622453439325909130275249481201171875
-0.1375374304586702844943602030980400741100311279296875,-0.044473062741436177047749112034580321051180362701416015625,-0.353329393918058454193698025846970267593860626220703125,0.0855507901306928053575262538288370706140995025634765625,0.309964992263525085380848622662597335875034332275390625,-0.63753016091742564785960212248028255999088287353515625,0.41411269396563754607853979905485175549983978271484375,0.458572976299956247547839893741183914244174957275390625
0.129193732055886856269211193648516200482845306396484375,0.2492831071855236280132572801448986865580081939697265625,-0.2013840438889000494793179996122489683330059051513671875,-0.599479230255065775878620115690864622592926025390625,-0.18218887654787974117454041333985514938831329345703125,-0.332722270879408810184685307831387035548686981201171875,-0.0183785612805447973183703425092971883714199066162109375,-0.266183679394882910518305152436369098722934722900390625
-0.11755120747689982996231350398375070653855800628662109375,0.1331525581243387101881836542816017754375934600830078125,0.054308509268892878052437112046391121111810207366943359375,0.28817397037084557798181094767642207443714141845703125,0.029171586986195617574590954745872295461595058441162109375,0.497170634559337132341028109294711612164974212646484375,0.338471940387090886037668724384275265038013458251953125,0.1719779639699435536126514989518909715116024017333984375
-0.78305782069271556711242965320707298815250396728515625,0.0236277663528990100605398083644104190170764923095703125,0.50178656944376121007422852926538325846195220947265625,-0.453406681799574606817060384855722077190876007080078125,-0.09803774298552191124311860903617343865334987640380859375,-0.610904626792194704876237665303051471710205078125,0.79816226849224547468253376791835762560367584228515625,0.57956850629582934431027751998044550418853759765625
0.4811936028822272337635013172985054552555084228515625,0.10377552757477905009952934278771863318979740142822265625,-0.03621336476607461829502199179842136800289154052734375,0.4051176738504296270804161395062692463397979736328125,-0.14286126167337176440241819364018738269805908203125,0.439508048176679044782844130168086849153041839599609375,-0.20224666890043485611982987393275834619998931884765625,0.271931535166172022588426671063643880188465118408203125
0.305018261814658464547989069615141488611698150634765625,0.345165664580449338405543358021532185375690460205078125,0.329151166268425054983737254588049836456775665283203125,0.365235346469280297565518367264303378760814666748046875,-0.2195335062543602167028922167446580715477466583251953125,0.312104237314992649654499246025807224214076995849609375,0.2962971853211076034284587876754812896251678466796875,0.62173907447967879935646351441391743719577789306640625
-0.35440043077547300764962301400373689830303192138671875,-0.051364448078023212940212971489017945714294910430908203125,0.64008233201889142005569510729401372373104095458984375,-0.047107702214307010935012698382706730626523494720458984375,-0.489068731190960115373655980874900706112384796142578125,0.323366563918805749455742670761537738144397735595703125,-0.1428897573482716121251456797835999168455600738525390625,0.0105068003452277562714822778389134327881038188934326171875
-0.345198440283980001463959297325345687568187713623046875,-0.041149746946350908294309789425824419595301151275634765625,0.459262890209259644347383755302871577441692352294921875,0.01291297872776684015072579114757900242693722248077392578125,-0.42095045118327945044001126007060520350933074951171875,0.120773989192211550491862226408557035028934478759765625,-0.51895079287925149902349630792741663753986358642578125,0.021720715873699891762527158789453096687793731689453125
-0.75812216092724493687882159065338782966136932373046875,0.2256548439645692794019993243637145496904850006103515625,-0.1842873459285617465663875691461726091802120208740234375,0.491965138610782448669311861522146500647068023681640625,0.2495609554246401018406942284855176694691181182861328125,1.058093458473050585411101565114222466945648193359375,0.2359531913561207783214257460713270120322704315185546875,0.0226135986245092658608601965397610911168158054351806640625
-0.33180737867649179317908192388131283223628997802734375,0.161165663903697631287315061854314990341663360595703125,-0.0607020879380152644788637417150312103331089019775390625,-0.0212464455012202381445352017408367828465998172760009765625,-0.553641796106953965050934129976667463779449462890625,0.186856085346764733134961034011212177574634552001953125,-0.073624076514533343118529273851891048252582550048828125,-0.495828739065530765817157998753827996551990509033203125
-0.29525163850568769685622783072176389396190643310546875,-0.257997440954087220443824435278656892478466033935546875,0.20638323996787766301252986522740684449672698974609375,0.464561358149383096804996284845401532948017120361328125,0.013687108863338494357808627910344512201845645904541015625,0.34250671351837713718424538456019945442676544189453125,0.26180701183600685322261369947227649390697479248046875,-0.28152713090877867774253218158264644443988800048828125
0.11586994960292966438952788621463696472346782684326171875,-0.411307131795688063480298524154932238161563873291015625,-0.48073970530987220062257847530418075621128082275390625,-0.27381335415036522906717664227471686899662017822265625,-0.2133415860118238194242934469002648256719112396240234375,0.298322711506471105469273652488482184708118438720703125,0.5228904905789402146609745614114217460155487060546875,0.66155919949956742964758404923486523330211639404296875
0.29486145835474442122858818038366734981536865234375,0.041744580477212016311749920305373962037265300750732421875,0.57443672478541951686992206305149011313915252685546875,0.118023128747219541168078649207018315792083740234375,0.383739033328174883319405807924340479075908660888671875,0.311485725940902791197828491931431926786899566650390625,0.431026568560592682199938963094609789550304412841796875,-0.1887530398661904362800356693696812726557254791259765625
0.034552526673466803230905242116932640783488750457763671875,0.227728320490245439433607543833204545080661773681640625,-0.1645636609224359059311382225132547318935394287109375,0.50811760162267394225210637159761972725391387939453125,0.07757832047873723657627209604470408521592617034912109375,-0.19208574401363787131913340999744832515716552734375,-0.0968622641552094598704769623509491793811321258544921875,-0.1979332961475984975496800188921042717993259429931640625
-0.47705494815352977866496075876057147979736328125,-0.2965941907414160194633723222068510949611663818359375,0.173915772796004730604835231133620254695415496826171875,-0.197364605624274769279935526355984620749950408935546875,0.359535781801719800387928671625559218227863311767578125,0.033503573700384682576558503797059529460966587066650390625,0.42454550664655277270043143289512954652309417724609375,0.13681330641780153900555205837008543312549591064453125
-0.06533606199904741507200611749794916249811649322509765625,0.0198648393665765109206144956033313064835965633392333984375,-0.185196444625993106303241120258462615311145782470703125,-0.3053969200380226567403951776213943958282470703125,0.17656961593627773510206679929979145526885986328125,-0.17710027864323885093966737258597277104854583740234375,0.5979064032053582611325737161678262054920196533203125,-0.96081813919679659452555142706842161715030670166015625
0.53624708113900065864498856171849183738231658935546875,0.3576327465376987202461123160901479423046112060546875,-0.2170045796868383114475165029944037087261676788330078125,-0.75334553919706481739382297746487893164157867431640625,-0.277752443844441143649959258254966698586940765380859375,-0.13746098147126672994744467359851114451885223388671875,-0.2423907009585542227103616141903330571949481964111328125,-0.019740109301624987614420803083703503943979740142822265625
0.272306565921804188956656389564159326255321502685546875,0.0021279742035464981574077736325989462784491479396820068359375,-0.03828491252998046656674802079578512348234653472900390625,0.129627303650478864494033359733293764293193817138671875,0.19042718767107624788792463732534088194370269775390625,0.1858092416198978413799380859927623532712459564208984375,0.229693828217072348873983855810365639626979827880859375,-0.302611436801863142864732481029932387173175811767578125
0.33902859378336158702182956403703428804874420166015625,-0.1049320045579990312578644306995556689798831939697265625,0.2675100917914188247692663935595192015171051025390625,-0.472264632874695833297806757400394417345523834228515625,0.51725973430030192101725106113008223474025726318359375,-0.07488890320893072660712874721866683103144168853759765625,-0.351567299509783548483454751476529054343700408935546875,0.4970606811941606917315539249102585017681121826171875
0.065484788789381853657545207170187495648860931396484375,0.0409516637060021448935032140070688910782337188720703125,0.504782132575626985016015169094316661357879638671875,0.5877616484377286010243324199109338223934173583984375,0.353983566045956321577392600374878384172916412353515625,0.365121361032705482596583124177413992583751678466796875,0.69807250411362165021245118623482994735240936279296875,-0.1612919056264992823113146869218326173722743988037109375
-0.62385226329785170573671848615049384534358978271484375,0.13419529403007002255066026918939314782619476318359375,-0.1147775150408089916975740152338403277099132537841796875,-0.2470221811879557416435915229158126749098300933837890625,-0.47931680660450803888039672528975643217563629150390625,-0.32023467537444660901968518373905681073665618896484375,0.11147492801306861653909408005347358994185924530029296875,-0.0672902637644719747722632519071339629590511322021484375