0.11452747765948588509754557662745355628430843353271484375,0.46996088343408903842401969086495228111743927001953125,0.474263665361622066551916532262112013995647430419921875,0.1499498548204472314626656270775129087269306182861328125,-0.287290747139187063741161409780033864080905914306640625,0.07234255757773710993063787100254558026790618896484375
-0.25690044554909607921189262924599461257457733154296875,0.0226668037145506436058628452201446634717285633087158203125,-0.04887124328970815501094193678000010550022125244140625,0.08289600822667131385657057762728072702884674072265625,0.053981019645821089192327946193472598679363727569580078125,0.17953320992556698332265341377933509647846221923828125
0.0663836998101654252035785930274869315326213836669921875,-0.13361544106186784564016534204711206257343292236328125,0.00946966450783925418888120617566528380848467350006103515625,-0.084607309335531566407695436282665468752384185791015625,-0.30109961080942937439175466352025978267192840576171875,0.454448153796148057725901026060455478727817535400390625
-0.0357560404112433616319322027266025543212890625,0.0931140459177076940111561498270020820200443267822265625,-0.2132103989287011669429006133213988505303859710693359375,-0.2388316104359797520384489644129644148051738739013671875,0.200759150618466775117809675066382624208927154541015625,0.1332943165122586759441247750146430917084217071533203125
-0.300357441874149089233725362646509893238544464111328125,-0.069390147785856004514215555900591425597667694091796875,0.1216638312071331162744769471828476525843143463134765625,0.06546138980182626687653879571371362544596195220947265625,-0.1708610967466198948816469282974139787256717681884765625,0.043957602472824437722653811988493544049561023712158203125
0.27330250983734860614760009411838836967945098876953125,-0.045388681814693944416294613120044232346117496490478515625,-0.06430295438623445658521404766361229121685028076171875,0.326003691483930435612847986703854985535144805908203125,0.381305525379276810671314024148159660398960113525390625,-0.04256983140628291251150727703134180046617984771728515625
0.28647435492136008594599161369842477142810821533203125,0.658373734316086256512789987027645111083984375,0.085950163233379062166505946152028627693653106689453125,-0.108523095166296601465916182860382832586765289306640625,0.51237742122131002542317901315982453525066375732421875,0.1247509209881778324824352921496029011905193328857421875
0.0819372133386941092769717442934052087366580963134765625,-0.08123217874769377011556770185052300803363323211669921875,0.08632753454438539530979568326074513606727123260498046875,0.093256877377506930404393870048807002604007720947265625,-0.5927135016456686056329772327444516122341156005859375,0.134124330420942128316852404168457724153995513916015625
0.0291817726185143178074810066391364671289920806884765625,-0.168434294767331682596278596975025720894336700439453125,0.24404086283797010725749032644671387970447540283203125,-0.34687352441697216764993072501965798437595367431640625,0.203494467606747775345610307340393774211406707763671875,-0.175369422602665803179178283244254998862743377685546875
-0.06225850317330210159649794832148472778499126434326171875,-0.1949549122800488809570396142589743249118328094482421875,-0.06129763886722776333737527920675347559154033660888671875,0.14466361181096976107340879025286994874477386474609375,0.2357930151132549279058281399557017721235752105712890625,0.202124795718822081180832128666224889457225799560546875
0.102262307075136782419377823316608555614948272705078125,-0.332714472196831201333822036758647300302982330322265625,-0.13929337594435764469125160758267156779766082763671875,0.611788619074651318641144825960509479045867919921875,-0.07584330945435392712372646428775624372065067291259765625,0.0820779083684556043376545630962937138974666595458984375
-0.273394742931157341825354478714871220290660858154296875,-0.1698468990593469951644323145956150256097316741943359375,0.2253351316782008784134205825466779060661792755126953125,0.0370543849500598321267119672484113834798336029052734375,-0.011587652381633894993484545921091921627521514892578125,-0.521870387770853927378311709617264568805694580078125
-0.0917939894108056042565380039377487264573574066162109375,-0.09166105073064582942077294092086958698928356170654296875,0.145545008170500589361751053729676641523838043212890625,-0.07092992397756348044168817068566568195819854736328125,0.06853248385322756319748549458381603471934795379638671875,-0.0659543526777139066386013155351975001394748687744140625
-0.0810129368589652953946966817966313101351261138916015625,-0.147981559901405546053609896262059919536113739013671875,-0.213492824961874994027510865635122172534465789794921875,-0.63124391425258064014514047812554053962230682373046875,0.17573562224711591905901286736479960381984710693359375,0.11756640283017716352986781203071586787700653076171875
-0.1406259418524324900090505252592265605926513671875,-0.1969823549488847191923923674039542675018310546875,-0.0209367983452402421640226037879983778111636638641357421875,-0.066444635365754123323966950920294038951396942138671875,-0.1500304824778296575171765425693592987954616546630859375,0.06345573743621905904443991630614618770778179168701171875
-0.288152519897156345063393700911547057330608367919921875,0.0207665330883921618598808578326497809030115604400634765625,-0.317071416931528349270053013242431916296482086181640625,0.22048599875770780176509333614376373589038848876953125,0.215316829623046768205085754743777215480804443359375,0.116451896943001009798734912692452780902385711669921875
0.10356390790056264894491988570734974928200244903564453125,-0.1734284185452899251789204981832881458103656768798828125,-0.0875477016089609982874009119768743403255939483642578125,0.184729918916371749215699082924402318894863128662109375,-0.1722627499703462128355369031851296313107013702392578125,-0.0923353867627842161969198286897153593599796295166015625
-0.0695408091078932033557435943293967284262180328369140625,-0.068164388893967864380130095014465041458606719970703125,0.209684058414896179467490355818881653249263763427734375,-0.04589935065119561674595871636483934707939624786376953125,-0.19310442002288663587705741520039737224578857421875,-0.2824911516622619078731304398388601839542388916015625
-0.0259556564571881871750225201367356930859386920928955078125,0.27027760219566776545008224275079555809497833251953125,-0.1976516348567856906637274505555978976190090179443359375,-0.414098689805792563589648125343956053256988525390625,-0.1879311410160597606289201166873681358993053436279296875,0.0239423246401551208240032764251736807636916637420654296875
0.29046729434414675363740343527751974761486053466796875,-0.78975920683566103175365924471407197415828704833984375,-0.04882873286132836943007617946932441554963588714599609375,-0.52376228777782396495155126103782095015048980712890625,-0.1712911784277129090270364031312055885791778564453125,-0.1675532597514798605065067249597632326185703277587890625
-0.18234291238154554104511362311313860118389129638671875,0.195911994613469586656862020390690304338932037353515625,-0.37397281240122437484529882567585445940494537353515625,-0.45228042182810501703471572909620590507984161376953125,0.317497029837916777683659574904595501720905303955078125,0.47532764294737994692496840798412449657917022705078125
0.11344826792125685399614809512058855034410953521728515625,-0.1393980658013278250972888372416491620242595672607421875,-0.250959267759431503552747244611964561045169830322265625,0.0750096906033019816817386526963673532009124755859375,-0.0085183717206235680385884023735343362204730510711669921875,-0.2479734669856443474156293405030737631022930145263671875
0.1557280533334914063292586661191307939589023590087890625,-0.044846678259398607691021965138133964501321315765380859375,0.025597022774947630896491546081961132586002349853515625,0.31500436253428254484987292016739957034587860107421875,0.0207582834019624622168276317779600503854453563690185546875,-0.32956985071696054401257924837409518659114837646484375
-0.1560159019264439062002480795854353345930576324462890625,0.00555206127871467856882414793062707758508622646331787109375,-0.046530636765815001909540882252258597873151302337646484375,0.1773787410535441200210016177152283489704132080078125,0.1280004795157329844368376825514133088290691375732421875,-0.05686576039807285376515011421361123211681842803955078125
0.10824113317561097347141441105122794397175312042236328125,0.31683388935834788657786020849016495048999786376953125,-0.2158182089776945478121206178911961615085601806640625,-0.057247339964136174927933353728803922422230243682861328125,0.07835838090059733807013486739379004575312137603759765625,-0.430055237929649669670340017546550370752811431884765625
0.158450008777855255726052519094082526862621307373046875,0.1664649629532528873898655774610233493149280548095703125,-0.09689418869914388776631852806531242094933986663818359375,0.3962380164762873135941845248453319072723388671875,0.205965634274823450322600137951667420566082000732421875,0.039812995742639911700422317153424955904483795166015625
0.12159391831119224780533016883055097423493862152099609375,0.375670755203665385213440686129615642130374908447265625,0.06410485957302680670721883871010504662990570068359375,0.1701452315489262456793539968202821910381317138671875,0.100367371650557257733993310466757975518703460693359375,-0.0694843659645306421790422746198601089417934417724609375
-0.1754316131986514981644376121039385907351970672607421875,-0.187484105497987163513329278430319391191005706787109375,0.1501174529886149244806148317366023547947406768798828125,0.352024294469768406212750733175198547542095184326171875,0.1461587340391889977553319113212637603282928466796875,0.0864155688396183452315568729318329133093357086181640625
-0.2225543203622121490870000570794218219816684722900390625,0.09420335926386540215116127683359081856906414031982421875,-0.33210909108038333403811748212319798767566680908203125,-0.232743947457477562412719862550147809088230133056640625,-0.358439026147221617701887907969648949801921844482421875,-0.096614459848449241174961343858740292489528656005859375
-0.18573356692203113471606457096640951931476593017578125,0.048344327240416810897993826756646740250289440155029296875,0.2870591095321770591652921211789362132549285888671875,0.03518012069966021393430111174893681891262531280517578125,-0.33094004690132672319435869212611578404903411865234375,0.1263511715562711523741512564811273477971553802490234375
0.050960181788664286883783205439613084308803081512451171875,0.1540760975410383759598431652193539775907993316650390625,-0.0053782907003120106192994853699929080903530120849609375,-0.2271964103216976005317206954714492894709110260009765625,-0.1495582959905232822706011575064621865749359130859375,0.157539118636811081852755478394101373851299285888671875
0.032398706755577093285847212200678768567740917205810546875,0.05776329685745139330688147083492367528378963470458984375,0.0631842577362698165632792779433657415211200714111328125,-0.099294135858025989183062165466253645718097686767578125,0.1453488234082897789800625787393073551356792449951171875,0.1484107385243448595790738409050391055643558502197265625
-0.2272305334737998172567330357196624390780925750732421875,-0.038125238732978183886501710730954073369503021240234375,-0.442609620626772948259741724541527219116687774658203125,-0.1945032649864123219796141484039253555238246917724609375,-0.053105408248226800005387104874898795969784259796142578125,0.2225456412835429553798149981957976706326007843017578125
0.1605680522579509827973964775083004496991634368896484375,0.32382278925337271147100182133726775646209716796875,-0.1970562799303045287135915941689745523035526275634765625,-0.1950050497349542777403286208937061019241809844970703125,0.00539410223075980320428524095177635899744927883148193359375,0.23931979830948491017039714279235340654850006103515625
0.1726419432769425998941414945875294506549835205078125,0.136406735714520721547415860186447389423847198486328125,-0.259177390759572967571244817008846439421176910400390625,-0.206716388054815347619097565257106907665729522705078125,-0.0198434226386865197877540367699111811816692352294921875,0.25075056521222960359551734654814936220645904541015625
-0.31860273693702600983357342556701041758060455322265625,-0.29079415775742056826658199497614987194538116455078125,-0.3118557162407296079464913418632932007312774658203125,-0.047253560390107217370481151874628267250955104827880859375,-0.1789270661987030219819416743121109902858734130859375,-0.061118008659132021243021171130749280564486980438232421875
-0.1644595037444183394104157969195512123405933380126953125,-0.445287834126847303917173803711193613708019256591796875,-0.2066593076701814524209765977502684108912944793701171875,0.09434792990396224932059254797422909177839756011962890625,-0.1454907539682492589871998234229977242648601531982421875,0.31114298946003682289074276923201978206634521484375
-0.162110221181288316483204425821895711123943328857421875,0.144159599534882165716709323532995767891407012939453125,0.08057957741642339521970228588543250225484371185302734375,-0.134331913544067038657203738694079220294952392578125,0.002232676040013744332701772776772486395202577114105224609375,-0.00163856284756417453461752042898069703369401395320892333984375
-0.388813946316599434727123707489226944744586944580078125,-0.118037736544960580875596178884734399616718292236328125,-0.07465649548138204860681099717112374491989612579345703125,-0.37970455079014875376941517970408312976360321044921875,-0.01963449133546331382138561139072407968342304229736328125,0.07729553998779244150529876833388698287308216094970703125
-0.417046756106655036600017183445743285119533538818359375,0.1506711263869676964421984166619949974119663238525390625,0.236702457126364951278674197965301573276519775390625,0.0942788309029889137757862727085012011229991912841796875,-0.037947099106365157761278084080913686193525791168212890625,-0.10788574189187470631079435179344727657735347747802734375
0.165803465074699840631211600339156575500965118408203125,0.1829004890088123114200158170206123031675815582275390625,-0.050928259196700416400194200150508549995720386505126953125,-0.1230110426642631871185784575573052279651165008544921875,-0.297728561864626095623265200629248283803462982177734375,0.04760047450784284095437470796241541393101215362548828125
-0.0127251113825898147513537850272768991999328136444091796875,-0.1157788296880499501195771472339401952922344207763671875,-0.0265939010343018041038209986481888336129486560821533203125,0.0983773245193011458553655756986699998378753662109375,0.26752900230972187500810832716524600982666015625,-0.1695064512389031496919500341391540132462978363037109375
0.169355984921612634508392147836275398731231689453125,0.46497108357234839814964288962073624134063720703125,-0.2279358254812326178839754220462054945528507232666015625,-0.01132177132030724557576473188191812369041144847869873046875,-0.038007124352381023435487605866001104004681110382080078125,0.15885333886046726359353442603605799376964569091796875
0.1138274066992595312530767159842071123421192169189453125,-0.207992928657684927884474745951592922210693359375,-0.04008331820496850717017167653466458432376384735107421875,-0.2345278884498219473808688917415565811097621917724609375,0.095471862592139744574382120845257304608821868896484375,0.269743380278895494850388558916165493428707122802734375
0.0429490748979543257579649662147858180105686187744140625,-0.303755471771177176787404050628538243472576141357421875,-0.2295382421092979630117270062328316271305084228515625,0.1147604527757047632174902673796168528497219085693359375,-0.011882428781610256118828061744352453388273715972900390625,-0.464060126975503972612813186060520820319652557373046875
-0.239174649726430710305891125244670547544956207275390625,0.2195728167760775395578320967615582048892974853515625,-0.0000306536755422912951681534143855145657653338275849819183349609375,-0.332095464611052160197601779145770706236362457275390625,0.243149327830770756175837732371292077004909515380859375,0.09196864640407138857813862387047265656292438507080078125
0.109890299871285457289360465438221581280231475830078125,-0.053933691139936394687293130800753715448081493377685546875,-0.053857935261629637235802903205694747157394886016845703125,-0.1640748890311018726162473058138857595622539520263671875,0.252332481511044870448046140154474414885044097900390625,-0.11790284651880089672459916982916183769702911376953125
0.06804613702127589036638966035752673633396625518798828125,0.0662986393956825070805649602334597148001194000244140625,-0.09254602623570462593960428421269170939922332763671875,0.09941565669972328433967589944586507044732570648193359375,-0.27583662397574026936553082123282365500926971435546875,-0.253194122213750427707878998262458480894565582275390625
0.2207719907147487059528856434553745202720165252685546875,-0.0053199917114032900522513358509968384169042110443115234375,0.1990212362663697776010707229943363927304744720458984375,0.051501721342979707440878911484105628915131092071533203125,-0.10036373938835392582991090648647514171898365020751953125,0.17726231012932724961927988260868005454540252685546875
-0.050735886256054164855644472709172987379133701324462890625,-0.35708378775101035085270950730773620307445526123046875,0.066996362053080737997134974648361094295978546142578125,-0.123998094684286519484572863802895881235599517822265625,0.284572787177836794558771771335159428417682647705078125,-0.212411033804559445936632755547179840505123138427734375
0.16937220706541944448275671675219200551509857177734375,0.10584200654387310169823877004091627895832061767578125,-0.122754910830366714691308516194112598896026611328125,0.1461577433675640691479458155299653299152851104736328125,0.188169839328091892394212436556699685752391815185546875,-0.0256980435911185293995639966624366934411227703094482421875
0.1628458222504260144436472046436392702162265777587890625,-0.0774985361204462985806884489647927694022655487060546875,-0.1551253854188550385106992735018138773739337921142578125,0.040000920105875754917423847700774786062538623809814453125,-0.08251605326241827353950242240898660384118556976318359375,-0.16220446805333654793912501190789043903350830078125
0.007749813278831850331396235986858300748281180858612060546875,-0.329678293630605245834175320851500146090984344482421875,-0.058202880315409426248418611749002593569457530975341796875,-0.275335999684572618750877381899044848978519439697265625,-0.2579873955119922346312932859291322529315948486328125,-0.1824526820949683159067689075527596287429332733154296875
0.296443251019477660435086363577283918857574462890625,0.30166430388716547472682805164367891848087310791015625,-0.06821768798121903565334633867678348906338214874267578125,-0.036335721569756986026877854101257980801165103912353515625,0.183831463381060655759569044676027260720729827880859375,0.10572188538031941640316091479689930565655231475830078125
-0.01220276488172245508978530637023141025565564632415771484375,-0.16818194250830587055389742090483196079730987548828125,0.0060972687288221617818440023484072298742830753326416015625,-0.018877142927113156611884647873011999763548374176025390625,-0.19939439234566502801015985824051313102245330810546875,-0.1158675648527414114852263082866556942462921142578125
-0.419279558409216879244496567480382509529590606689453125,0.2021053962366949063866883307127864100039005279541015625,0.004658641372709813356645103255004869424737989902496337890625,-0.272473377170636854582852492967504076659679412841796875,0.1809035921328959461984453582772403024137020111083984375,-0.225551872597425984157126777063240297138690948486328125
-0.31686541543789414898668610476306639611721038818359375,0.10545662662727206537738311453722417354583740234375,0.037679196760984197400734529992405441589653491973876953125,-0.1002981294246650667556508551570004783570766448974609375,1.108922268875141892152669242932461202144622802734375,0.57126463019518547437058941795839928090572357177734375
0.0127765318089403979995299920346951694227755069732666015625,0.25602253212431735907017582576372660696506500244140625,0.098005680002062389721828594701946713030338287353515625,0.4737346941780717912706677452661097049713134765625,0.2222621762312065041289343980679404921829700469970703125,0.038261162204633041017398653593772905878722667694091796875
-0.5685255045048582811517690061009488999843597412109375,0.09859000954478493172761233154233195818960666656494140625,0.2816810906242179779468415290466509759426116943359375,-0.368928588739978302601940640670363791286945343017578125,0.2169588023709047297504781681709573604166507720947265625,0.1384402734579164018224872734208474867045879364013671875
0.310257172553999371888977520939079113304615020751953125,0.1414050201861422328963868721984908916056156158447265625,0.0021638184553782065754068408836019443697296082973480224609375,-0.08676235255654458911056536862815846689045429229736328125,0.11661106353353101194869623213890008628368377685546875,-0.0260911594152181229577802668018193799071013927459716796875
0.244823303113468948577491346441092900931835174560546875,-0.284983047093991082032715667082811705768108367919921875,-0.208400223994951006023512718456913717091083526611328125,0.1732917582204346607088751852643326856195926666259765625,0.1461934070113708739047098106311750598251819610595703125,0.2156415903047124993374694668091251514852046966552734375
0.1121727284216260389637653815952944569289684295654296875,0.15123469108429399287985006594681181013584136962890625,-0.09802904170700309227637347930794931016862392425537109375,0.048401942406193561307947703653553617186844348907470703125,0.169121261082725904412171757940086536109447479248046875,-0.078467384553023211690714333599316887557506561279296875
0.373999356976173424893516994416131637990474700927734375,0.2946603446800353243162362559814937412738800048828125,-0.01169251521506427075880463206658532726578414440155029296875,0.295060629509692973204693089428474195301532745361328125,0.260566232760267357804195853532291948795318603515625,0.226163615221859293225037390584475360810756683349609375
0.56803375662480537489074094992247410118579864501953125,0.27294632902054072332020950852893292903900146484375,0.55548287357906833694443093918380327522754669189453125,-0.09081906522618805877034020568316918797791004180908203125,-0.194521321758693854775401632650755345821380615234375,0.225844140330402287641931025063968263566493988037109375
0.0759774930599780573547974427128792740404605865478515625,0.002156812045318755831357915297985528013668954372406005859375,0.6414959253775085468163297264254651963710784912109375,-0.08797432845460444184038095727373729459941387176513671875,-0.133642935256394979059990646419464610517024993896484375,-0.180081938610739011874528614498558454215526580810546875
0.6427145041712289952329228981398046016693115234375,0.1424861954849715173221369468592456541955471038818359375,-0.078032540889154233809676952660083770751953125,0.2456456426557519778786087272237637080252170562744140625,-0.0091732214911291153069949899645507684908807277679443359375,0.039336513058960076438808073362451978027820587158203125
0.1982263384766043412543723434282583184540271759033203125,0.406254586765791791957980194638366810977458953857421875,-0.0867031139574313269857697150655440054833889007568359375,0.04471274684744573624239905029753572307527065277099609375,-0.005368230147400641916188845925717032514512538909912109375,0.054048778948655902543141138494320330210030078887939453125
0.11148354495295294264156638064378057606518268585205078125,0.2373701365154301801130287685737130232155323028564453125,-0.08215487043713971815339647264408995397388935089111328125,-0.07942792787481421645789936292203492484986782073974609375,0.11311886322986368369480913997904281131923198699951171875,-0.343383773580555551330206753846141509711742401123046875
0.10613238381271154764373676471223006956279277801513671875,0.10270002413036939670210045960629940964281558990478515625,-0.09256381354346755740980512427995563484728336334228515625,-0.1867827798511262626934836816872120834887027740478515625,0.0247359386842684152163496236198625410906970500946044921875,-0.01987086667431818554074851590485195629298686981201171875
-0.17341081866913310438604867158574052155017852783203125,-0.138455293343766550062667874954058788716793060302734375,0.05269102692039444313376606032761628739535808563232421875,0.11053449171742879553193006358924321830272674560546875,-0.312091428117537095232592037064023315906524658203125,-0.05818071622014055199745286017787293531000614166259765625
-0.202562820344083960311110104157705791294574737548828125,-0.1742563999062191337774407884353422559797763824462890625,-0.397396041693247326076487979662488214671611785888671875,0.25598997578434634636579403377254493534564971923828125,-0.14553221956225270705687080408097244799137115478515625,0.2368469761783697224988287644009687937796115875244140625
-0.06045999406984860213842836174080730415880680084228515625,-0.293253127132776014729387270563165657222270965576171875,0.12834042338018247786379788522026501595973968505859375,-0.336315365092501095123367349515319801867008209228515625,0.182509334965800906758204291691072285175323486328125,-0.300916673376340870760259349481202661991119384765625
0.0701470832897726215282574457887676544487476348876953125,0.427155838956596645150654012468294240534305572509765625,-0.0699722960488997625105866973171941936016082763671875,-0.0405887525017999684084912814796552993357181549072265625,-0.37967131930095465719432468176819384098052978515625,0.180882752140222702319505287960055284202098846435546875
0.10683876555975081734661813470665947534143924713134765625,-0.027683289201299386694810067410799092613160610198974609375,0.035601301831502833727949308695315266959369182586669921875,0.1496442831581879795432854507453157566487789154052734375,-0.67152527985545906741293720187968574464321136474609375,-0.0079940069305360593465703544779898948036134243011474609375
-0.29432604958123764760102858417667448520660400390625,-0.10295289921803192634275347927541588433086872100830078125,-0.4786432768497685952269193876418285071849822998046875,0.2418381115485253307628710217613843269646167755126953125,-0.09471664334514655336771937754747341386973857879638671875,-0.258217179926151396696099027394666336476802825927734375
-0.2999974186633040940108685390441678464412689208984375,-0.13355170110730407717625212171697057783603668212890625,0.32275657938633151022855827250168658792972564697265625,0.356271101651818355993128761838306672871112823486328125,0.09584245921377532173579538721241988241672515869140625,-0.006005159624851150353130879722129975561983883380889892578125
-0.269143423909881940314647863488062284886837005615234375,-0.3031658284485561072330028764554299414157867431640625,-0.2094905095732494115789990019038668833673000335693359375,0.2098433510751495922885823119941051118075847625732421875,0.2074294616498967014361909377839765511453151702880859375,0.07773842058081821548842782476640422828495502471923828125
-0.314820312008580460716444804347702302038669586181640625,0.20794993237470038582870301979710347950458526611328125,0.136616661647213699648517604146036319434642791748046875,-0.272720413795577598659036766548524610698223114013671875,-0.08423880237011603655528091394444345496594905853271484375,-0.024524192505295659694208865175824030302464962005615234375
-0.091524187730372352778118738569901324808597564697265625,0.347229368381964942358308690018020570278167724609375,0.237049120614423347586097179373609833419322967529296875,-0.0264715559940394661031515255444901413284242153167724609375,0.06379430594641587182191955207599676214158535003662109375,-0.1917136845537259492999737631180323660373687744140625
0.31793153573605525963330364902503788471221923828125,0.037604302153210922288195661167264916002750396728515625,0.1464360940694171275833213030637125484645366668701171875,0.0211016681288535810911977108617065823636949062347412109375,0.136879091552825016275818370559136383235454559326171875,-0.0797604463887060521898320075706578791141510009765625
-0.20084554418210054382853968490962870419025421142578125,-0.2479402300895834077021362418236094526946544647216796875,-0.07506391413583400618048102614920935593545436859130859375,0.0369311062883666829659290442577912472188472747802734375,0.126444516313091892545372729728114791214466094970703125,-0.289151700920786625115255219498067162930965423583984375
-0.05979953727853952460957742687241989187896251678466796875,-0.2885301665428678941083262543543241918087005615234375,-0.0681060094744572186442610473022796213626861572265625,-0.08759608399413833235147563982536667026579380035400390625,0.17086967439553568670618233227287419140338897705078125,-0.2034331329093823637066407172824256122112274169921875
0.260518218156834568954849373767501674592494964599609375,-0.425574613726701744820246631206828169524669647216796875,-0.11263245347757690206780267772046499885618686676025390625,-0.174863802640615684236280458208057098090648651123046875,0.08709025540342037186025692108160001225769519805908203125,0.000569903336017523018570962722861850124900229275226593017578125
-0.1230500215073150049871486544361687265336513519287109375,-0.1199134083987629662004792407969944179058074951171875,-0.1780751512548091053389498483738861978054046630859375,-0.250746857862270855488162624169490300118923187255859375,0.358911009608058051423284950942615978419780731201171875,-0.55905205390796586240043097859597764909267425537109375
0.087879413256573613022482049927930347621440887451171875,-0.2135826249308285518235805966469342820346355438232421875,-0.1060589187705200109324010782074765302240848541259765625,0.180124594791414016636821315842098556458950042724609375,-0.293220598705653145987781726944376714527606964111328125,0.01213602609278602480202824409616368939168751239776611328125
-0.058430234220880193640734745486042811535298824310302734375,0.1314222252807842605815125125445774756371974945068359375,-0.11066384306486361233101689549584989435970783233642578125,-0.1290263409104291658646701534962630830705165863037109375,-0.05439914767232123526952136671752668917179107666015625,0.332745779208028336082492160130641423165798187255859375
0.030853167231138324544392759207767085172235965728759765625,-0.090119847637015138008820258619380183517932891845703125,0.16308487516332104139138436948996968567371368408203125,0.0264385436836711458508109018339382600970566272735595703125,-0.04381784361224459745098869234425364993512630462646484375,-0.1780780165704921313984954167608520947396755218505859375
0.189165652857017863031074966784217394888401031494140625,-0.0745314386004599371826628839698969386518001556396484375,0.05506885134978933837857084654388017952442169189453125,-0.314690103582931202108596835387288592755794525146484375,0.0850935410074406262115331855966360308229923248291015625,0.047108309846508759910488350897139753215014934539794921875
0.34286386923480749455706018125056289136409759521484375,0.283146591868153441051703111952519975602626800537109375,0.113954427515054579345132879097945988178253173828125,0.10733751629994038589988036846989416517317295074462890625,0.0056188721220178615423090917602166882716119289398193359375,-0.03447709732146976568945007102229283191263675689697265625
-0.179572888154052368037127962452359497547149658203125,0.2458335641068231935957300038353423587977886199951171875,-0.0680470131075195105996300526385311968624591827392578125,-0.157593961950416361350590932488557882606983184814453125,-0.120125561504464128947944345782161690294742584228515625,0.0293414418999797706189003321242125821299850940704345703125
-0.0824422554998982537455276542459614574909210205078125,0.1604611518224713095914779614759027026593685150146484375,-0.0266708496398998899656884731257378007285296916961669921875,0.05723524090229949179420287919128895737230777740478515625,-0.0038404535944887856387108815425790453446097671985626220703125,-0.139828170698641007785312240230268798768520355224609375
-0.388908557086535988656095241822185926139354705810546875,-0.072808138347852102700841214755200780928134918212890625,0.5126382117876564503688996410346589982509613037109375,-0.431635140432509778474212680521304719150066375732421875,0.587341623742409613129211720661260187625885009765625,-0.42091511976491113866671867072000168263912200927734375
0.1015839760103338651475723963812924921512603759765625,-0.4482338750187466747121334265102632343769073486328125,0.100954531406260816783770906113204546272754669189453125,0.0262323968312945902947586063191920402459800243377685546875,-0.2035279121765913856734186992980539798736572265625,0.10766218761058621300463755687815137207508087158203125
-0.163409376445039888903210112403030507266521453857421875,-0.404352926466270912175815510636311955749988555908203125,-0.21828280689825263483072603776236064732074737548828125,-0.07203580110428597915728232692345045506954193115234375,0.27095354138960370260491572480532340705394744873046875,0.0502587681424095655824402228972758166491985321044921875
-0.232785729199617097417984723506378941237926483154296875,-0.1469814637838027238103677518665790557861328125,0.541662971631191592081222552224062383174896240234375,-0.268032601425784999804591279826126992702484130859375,0.270098523262559842006425014915294013917446136474609375,-0.07293187815427730480433154980346444062888622283935546875
0.00854824760677792665208851730085370945744216442108154296875,-0.265620913229427546564664908146369270980358123779296875,-0.3985868215068055775418542907573282718658447265625,-0.277106007215431937584781962868873961269855499267578125,0.15652921483413084757785327383317053318023681640625,-0.047144873285819975661237180020179948769509792327880859375
-0.037615788170392204514680400961879058741033077239990234375,0.2528633896054881535775393786025233566761016845703125,-0.27322177630186728070071922047645784914493560791015625,0.0509150913980155050975184849448851309716701507568359375,0.07531217531856167213266672888494213111698627471923828125,0.1424931204931817740888533307952457107603549957275390625
-0.182593223220696432296250577564933337271213531494140625,-0.1591288735069737725336125322428415529429912567138671875,0.18963255525070632501183354179374873638153076171875,-0.15098897500762620271785863224067725241184234619140625,-0.0258143276907363654337768110735851223580539226531982421875,0.1678967950023146915583538429928012192249298095703125
0.37831124174518115932386308486456982791423797607421875,0.27322388334016789457336926716379821300506591796875,0.177352688009561776372180474936612881720066070556640625,-0.08860279771432742756953615526072098873555660247802734375,0.31132328650264662339708365834667347371578216552734375,0.053419713203445691462878386346346815116703510284423828125
0.0168378775651195182472275035934217157773673534393310546875,0.0956437812400830200676438153095659799873828887939453125,-0.1622459189111783717240911073531606234610080718994140625,-0.040174383795359903948085644742604927159845829010009765625,-0.0107693292036607039807716290624739485792815685272216796875,0.080030325912159361312347982675419189035892486572265625
0.157646712607853511922684219825896434485912322998046875,-0.075948451865102517555072836330509744584560394287109375,-0.0637952680796072257862761034630239009857177734375,0.084056657117388466904372990029514767229557037353515625,0.08026430585266407236044727824264555238187313079833984375,0.11549328722541706004900419202385819517076015472412109375
0.00629827500882940323478909050436413963325321674346923828125,-0.11649807225365893526003446822869591414928436279296875,-0.1436375132706531887460954521884559653699398040771484375,-0.07907456135097250260468371152455802075564861297607421875,0.2764007971444588651621643293765373528003692626953125,-0.0971248153310833861606710115665919147431850433349609375
-0.1015017957731769449036818286913330666720867156982421875,0.2152844105263974905373203228009515441954135894775390625,0.10603499224446209792116491144042811356484889984130859375,0.305699056384419465270951832280843518674373626708984375,0.1771070753509138839820735711327870376408100128173828125,0.300938969823773161405000564627698622643947601318359375
0.07586498464227987847952050515232258476316928863525390625,-0.10508877139353810237221154011422186158597469329833984375,0.38342742989406086717707466959836892783641815185546875,0.1791327095308817007879298444095184095203876495361328125,0.1358735290436047515871820223765098489820957183837890625,0.10563752841964892115189655896756448782980442047119140625
-0.07306307001171812032236374534477363340556621551513671875,0.382944902942378095911379887184011749923229217529296875,0.4900044013113979968210287552210502326488494873046875,0.122045743374398163449967569249565713107585906982421875,0.078818209400175753831518932202016003429889678955078125,-0.14504878851753211232988860501791350543498992919921875
-0.1718915867152809584528228015187778510153293609619140625,-0.3362077982152122945791461461340077221393585205078125,-0.00157851531472484596374528109663515351712703704833984375,0.2203371677982405019147194025208591483533382415771484375,0.2287164774239503761688041549859917722642421722412109375,-0.0739692960635768004262757813194184564054012298583984375
0.135050427012632090484345326331094838678836822509765625,-0.0682201005336511012711042667433503083884716033935546875,-0.02529730907284999386064328064094297587871551513671875,-0.047639053912956606795514602481489419005811214447021484375,-0.2138793433545603528411760407834663055837154388427734375,-0.182692588890626395059513242813409306108951568603515625
0.0118777261338759328179737195796406012959778308868408203125,-0.329649405274770768148329125324380584061145782470703125,0.07747674345478090807137760975820128805935382843017578125,-0.288618727103181649251695262137218378484249114990234375,0.195720396779135052955922446926706470549106597900390625,0.0172272140429976690356728141750863869674503803253173828125
0.080132303162956775022252031703828833997249603271484375,-0.165392327009855233388435635788482613861560821533203125,0.05878102208174849907518222380531369708478450775146484375,0.19161212952036421608426053353468887507915496826171875,0.045354246292508830495915361780134844593703746795654296875,-0.0793722424139303994738980918555171228945255279541015625
0.0234820470644057401055082578977817320264875888824462890625,-0.01072629543829332378346297360849348478950560092926025390625,0.09752569642720694542692427830843371339142322540283203125,-0.04298051297013862070972578521832474507391452789306640625,0.217585473088336145419674494405626319348812103271484375,0.154591549242731274294015975101501680910587310791015625
0.47947262010968827450341223084251396358013153076171875,-0.242232402418465719851070616641663946211338043212890625,-0.0957901768013739440821296966532827354967594146728515625,-0.110532112352662637011491142402519471943378448486328125,-0.1592808733174325974690788143561803735792636871337890625,0.2049172410429909441109685985793475992977619171142578125
-0.018018041623886482671679232225869782269001007080078125,0.2330181652900307487374931270096567459404468536376953125,-0.2379342595714268593365403603456798009574413299560546875,0.09775099522393661255481589478222304023802280426025390625,0.0398293220428282690459553805339965038001537322998046875,-0.06792597988997788049925219411306898109614849090576171875
-0.052433765454125737248691763170427293516695499420166015625,0.08510450669813419966036605046610930003225803375244140625,0.26339442420219405516235156028415076434612274169921875,0.71537272669945684011594266848987899720668792724609375,0.103835887984595254263098240699036978185176849365234375,-0.017584637834857509697261690462255501188337802886962890625
-0.11601261937083796882408393003061064518988132476806640625,0.0248359620517980585197026499599814997054636478424072265625,-0.05264557187102493485131304851165623404085636138916015625,0.093178046318289686755775846904725767672061920166015625,-0.033604730064551120716220822259856504388153553009033203125,0.048577871750986843790709457380216917954385280609130859375