-0.21780087542329595873269454386900179088115692138671875,-0.0382187714879679563129144526101299561560153961181640625,0.0113520402589123471648324681382291601039469242095947265625,0.12471469927706578528781022896509966813027858734130859375,-0.015145809819002008234090084215495153330266475677490234375,-0.1493852349993946282413759263363317586481571197509765625
-0.283656461858699027178687401828938163816928863525390625,-0.05051847376163311198471461693770834244787693023681640625,-0.26335206310554060138429122162051498889923095703125,-0.1595249310302652434589987251456477679312229156494140625,0.09516799722132153471765292351847165264189243316650390625,0.166657100013021308715366330943652428686618804931640625
-0.06117627060894161028503646093668066896498203277587890625,-0.296790426896302583781306339005823247134685516357421875,0.06421621015160051959558273892980650998651981353759765625,-0.151108126331714831547259336730348877608776092529296875,0.26898265322591552450859353484702296555042266845703125,0.3584104097149716228187799060833640396595001220703125
-0.0236150351781333200928969517917721532285213470458984375,0.08668862884628990295166062196585698984563350677490234375,-0.248259290925818998374552393215708434581756591796875,-0.16216771625053982841535571424174122512340545654296875,0.26775974332169882874410404838272370398044586181640625,-0.15581827920615520799429987164330668747425079345703125
0.4419747650314829190421050952863879501819610595703125,0.21479053222914579190927497620577923953533172607421875,-0.1905401651173807830996764778319629840552806854248046875,-0.20872981957461522739549764082767069339752197265625,0.1015306757796976544483413817943073809146881103515625,-0.282687515082021223467023673947551287710666656494140625
0.082226301808633273093818161214585416018962860107421875,0.2514055033813671347076024176203645765781402587890625,-0.25328441283961355967591089211055077612400054931640625,0.1729222768709217650240361763280816376209259033203125,-0.132398424827575855733385878920671530067920684814453125,0.19123630318531736893561401302576996386051177978515625
-0.70138204781114732444535775357508100569248199462890625,-0.40711040581218826961418244536616839468479156494140625,0.260478807608980955645705535062006674706935882568359375,0.1996684070261498245013598307195934467017650604248046875,-0.02943297204865370775284105775426723994314670562744140625,-0.0120710876916611427323022809332542237825691699981689453125
-0.2996784379309305190730583490221761167049407958984375,0.08045070311459449896585027772744069807231426239013671875,-0.031651716844679912699067614312298246659338474273681640625,-0.287435069354420369425184844658360816538333892822265625,-0.1143576820499276058828996838201419450342655181884765625,-0.021249753801342245729255608921448583714663982391357421875
-0.0202579495566827284813715692735058837570250034332275390625,0.09492206081526684269267235549705219455063343048095703125,-0.056124816387895452851619637613111990503966808319091796875,0.060826777089090004746463336005035671405494213104248046875,0.042567399355949865624726413670941838063299655914306640625,0.013809693939736959744646327408190700225532054901123046875
-0.122894989183230329832241523035918362438678741455078125,0.01163250067925009241520672986780482460744678974151611328125,-0.19755300943146936187844175947248004376888275146484375,0.114075156555102863453754480360657908022403717041015625,-0.25144729338580618094312058019568212330341339111328125,0.07125892971331700131987219037910108454525470733642578125
-0.0201655505474757808237473710732956533320248126983642578125,0.01321566621411315346767967326968573615886270999908447265625,0.1479693015178741577475562962717958725988864898681640625,-0.11352945476190712259523252214421518146991729736328125,0.52550764904093461016287847087369300425052642822265625,-0.287354885075521704340673068145406432449817657470703125
0.014429809979424522425883736787000088952481746673583984375,-0.415829082135214578297421894603758119046688079833984375,0.054669866076355190520619231620003120042383670806884765625,0.355857778992469564460776609848835505545139312744140625,0.1933186924790344374258665993693284690380096435546875,0.011390523538719880825009767022493178956210613250732421875
0.02319070962618152709211472028982825577259063720703125,0.1929625003074641187428284183624782599508762359619140625,-0.11961718009186435296431483266133000142872333526611328125,0.0026277872452324349712704520953820974682457745075225830078125,0.161027618705419595102057428448460996150970458984375,0.026974382530490760567776220568703138269484043121337890625
-0.025611031573408993278206935428897850215435028076171875,0.084094169344699765122896906177629716694355010986328125,-0.08361421250914947977950220092679955996572971343994140625,0.044058406508382712274407566610534559004008769989013671875,-0.004996220174759300781952564562971019768156111240386962890625,0.34969029813944818574356077078846283257007598876953125
0.27153974593890628508319196043885312974452972412109375,0.06958264773956528148612932227479177527129650115966796875,0.06968334580140578271567619594861753284931182861328125,0.05839578026476029137814549585527856834232807159423828125,0.053141620070010935072968294434758718125522136688232421875,0.09257390609555304905597949982620775699615478515625
-0.0170497256294696863943016751363757066428661346435546875,-0.34936316222640406703447979452903382480144500732421875,-0.0112142302385453244972790542988150264136493206024169921875,0.1053185687337922227246878037476562894880771636962890625,-0.0704550568391093257059054622004623524844646453857421875,-0.107009844325692327071664067261735908687114715576171875
-0.08995666104659059969517187482779263518750667572021484375,0.24402329286484825132674814085476100444793701171875,0.2688668631023316546446721986285410821437835693359375,0.21985360477938076240178588705020956695079803466796875,0.054957847029305999242421165718042175285518169403076171875,-0.18768781641994058961842029020772315561771392822265625
-0.159493917901545601001345175973256118595600128173828125,-0.044738746657456085475956797381513752043247222900390625,-0.0018402307825169492323802433730861594085581600666046142578125,-0.01383909030870254623646342650999940815381705760955810546875,-0.11767110945743851357914167010676464997231960296630859375,0.2592075359370309417528233097982592880725860595703125
0.047071056110712682085672753373728482984006404876708984375,0.211959919032529864324487789417617022991180419921875,-0.46560045392344573400578155997209250926971435546875,0.2371301397272640165692081382076139561831951141357421875,-0.17894353242269389614449437431176193058490753173828125,-0.195291056579122879188759043245227076113224029541015625
-0.006515486826572948995950351758210672414861619472503662109375,0.09256469578821834021109538070959388278424739837646484375,-0.06983954488426048767824028118411661125719547271728515625,-0.20424801625314448205728012908366508781909942626953125,0.160188902401133537178878896156675182282924652099609375,-0.340829711107172583783864183715195395052433013916015625
-0.006569038483791560766034134388746679178439080715179443359375,-0.060442136561369853853253886200036504305899143218994140625,-0.09400291034909201426383873467784724198281764984130859375,0.01193746200006154910278066694218068732880055904388427734375,0.1941047540472574384207149478243081830441951751708984375,-0.0215692247722705961188172096854032133705914020538330078125
0.20444818030864142510694136944948695600032806396484375,0.2125348298023185533711654215949238277971744537353515625,-0.24766118041081153222648936207406222820281982421875,0.035778401247511713856308546155560179613530635833740234375,0.248066814312152050803206293494440615177154541015625,0.23753380499554632709902080023312009871006011962890625
-0.37280748380855455170745926807285286486148834228515625,-0.1067679423314671638411965659543056972324848175048828125,-0.0078556686552386477406795250999493873678147792816162109375,-0.0233880875049199930815202463918467401526868343353271484375,-0.03613661851787741685626542675890959799289703369140625,-0.1691352388992629351971430651246919296681880950927734375
-0.20663509240236155317660404762136749923229217529296875,0.0980989112318277067803506952259340323507785797119140625,-0.1555888850709226944868390773990540765225887298583984375,0.023795327807022960409089051836417638696730136871337890625,-0.2638992268098603322101780577213503420352935791015625,-0.07427877221315136446744276099707349203526973724365234375
0.257149318130273918381334397054160945117473602294921875,0.1812573395547198706889702179978485219180583953857421875,-0.24092412200379687003959361391025595366954803466796875,0.007236213561290178418461405129846752970479428768157958984375,0.141588028858643466545430555925122462213039398193359375,0.3208241577644017628045958190341480076313018798828125
-0.282240609879793324932251152858952991664409637451171875,0.01008906933121563910538132091687657521106302738189697265625,-0.0157042114397847702711441542078318889252841472625732421875,0.0025132874013412847581661058171675904304720461368560791015625,-0.33450937028257976546541385687305592000484466552734375,-0.09557974555641059188904051779900328256189823150634765625
-0.01184182725623987401941672459315668675117194652557373046875,-0.1173395212629293749007075575718772597610950469970703125,-0.0181435770429862162911316403324235579930245876312255859375,0.164197424539866465575954634914523921906948089599609375,0.041868651332561623856776122920564375817775726318359375,0.22693678703093433934867562129511497914791107177734375
-0.005124927861128287208403175867488243966363370418548583984375,0.0823558906421138769982093208454898558557033538818359375,-0.11810487817212099448394013734287000261247158050537109375,0.07233769966087510994157128152437508106231689453125,-0.053639023404852638476913995191353023983538150787353515625,-0.024228276539032887748614797374102636240422725677490234375
0.1147064273291938107934839763402123935520648956298828125,-0.10365077613779004328531385681344545446336269378662109375,-0.23515088674409267976983528569689951837062835693359375,-0.0519029526087521897448340268965694122016429901123046875,-0.2083266065386194798580987708191969431936740875244140625,-0.184338378751992271187276628552353940904140472412109375
-0.280147868586308967930875724050565622746944427490234375,-0.1495687040720518334868671672666096128523349761962890625,0.0509350384508616971235284154317923821508884429931640625,-0.0046942560733063166955592038220856920816004276275634765625,-0.144551501762042955423481771504157222807407379150390625,0.2100040144952519394205836533728870563209056854248046875
0.459224642085834855453896352628362365067005157470703125,-0.299590022864055616214074007075396366417407989501953125,0.23884363319372037270937880748533643782138824462890625,0.0632487750999752573743961647778633050620555877685546875,0.260597426682719290891299124268698506057262420654296875,0.066366123933287057834462530081509612500667572021484375
0.19575414626801534989652964213746599853038787841796875,0.168889601490152252427634493869845755398273468017578125,-0.096250929792020267772301167497062124311923980712890625,-0.050191246783270394848930351372473523952066898345947265625,-0.1706531477681311470551150932806194759905338287353515625,-0.266095610217030820177086525291088037192821502685546875
-0.182895177013560783496615158583153970539569854736328125,-0.25519204001569006923233473571599461138248443603515625,-0.06445487231794987115218731332788593135774135589599609375,-0.076478271053326885020595682362909428775310516357421875,0.006544149801130375553037676894518881454132497310638427734375,0.0177120127102762085768983268962983856908977031707763671875
-0.17085768540086865296956375459558330476284027099609375,-0.0642838045887489106799961291471845470368862152099609375,-0.17685377461685358735365980464848689734935760498046875,-0.311363442833512082952296395887969993054866790771484375,-0.112215162422919345619476416686666198074817657470703125,-0.077065607729276119908234932154300622642040252685546875
-0.2555457226406157023035348174744285643100738525390625,-0.035451372507100044340067057646592729724943637847900390625,-0.292416248878588580506487915044999681413173675537109375,-0.2136950286001686460934934075339697301387786865234375,-0.1864178167713130551685907221326488070189952850341796875,-0.150878935588114215793353878325433470308780670166015625
0.07803438428345581268086306181430700235068798065185546875,-0.328454388369098015942881829687394201755523681640625,-0.266129448444167582277231076659518294036388397216796875,-0.0270890907309747248910003492028408800251781940460205078125,0.2163521801236494013220834631283651106059551239013671875,-0.063126264574254520312024396844208240509033203125
0.191117513058446764073750046009081415832042694091796875,-0.396564530111023660907676458009518682956695556640625,0.192125438077682009208047020365484058856964111328125,-0.1457505882026924048933125277471845038235187530517578125,0.2308041760683321452773952842107973992824554443359375,0.2351908429529649680045366721969912759959697723388671875
0.1258164708618158267316999854301684536039829254150390625,0.17828302709633281342149757620063610374927520751953125,-0.1329177812537349623323024161436478607356548309326171875,-0.096688477775939418723538665290107019245624542236328125,0.01945191361274865859964933179071522317826747894287109375,-0.025215318867757192944356603447886300273239612579345703125
0.055558279765734297495072269157390110194683074951171875,-0.2135526319294866193221338335206382907927036285400390625,0.1553548388921623113478887034943909384310245513916015625,-0.1235317822087685091236863854646799154579639434814453125,-0.253733138765143195758611227574874646961688995361328125,-0.09023354467299181391748419400755665265023708343505859375
0.047410208666386510767409845357178710401058197021484375,-0.12462134113168850391151210033058305270969867706298828125,0.1982058670987626169956996591281495057046413421630859375,0.3249824616989247516585237463004887104034423828125,0.1813176965757752612251607615689863450825214385986328125,-0.06767240256081850924285703285931958816945552825927734375
0.08687342520250122823721738996027852408587932586669921875,0.2252772970230667304303295850331778638064861297607421875,-0.04052850292247740793261101543976110406219959259033203125,-0.102504863444184746157361587393097579479217529296875,-0.1083847474701883639713884122102172113955020904541015625,-0.249953761109476035873200316927977837622165679931640625
-0.08411081414592801175356129306237562559545040130615234375,-0.025350477544965090148654240920222946442663669586181640625,-0.038317489242276896177497036433123867027461528778076171875,0.1487716270547821129088816860530641861259937286376953125,0.1545531122232262355442600210153614170849323272705078125,-0.02727533486378473648326092870775028131902217864990234375
0.1022368258878364744024480614825733937323093414306640625,-0.1921073747988067126346578561424394138157367706298828125,-0.0319644382382104907946995808742940425872802734375,0.0160214643227888330068164890462867333553731441497802734375,-0.1692326318734238277396997318646754138171672821044921875,0.1220073348914509081541979185203672386705875396728515625
-0.21769237594891877041192174146999605000019073486328125,-0.424282478289347786404306361873750574886798858642578125,0.00124978744230035110872323311781428856193087995052337646484375,0.24806193998392778166106609205598942935466766357421875,-0.0836720088574169074124853295870707370340824127197265625,0.06717500060703245068349787061379174701869487762451171875
-0.249064042942633234734017833034158684313297271728515625,-0.3045209937025237234564656318980269134044647216796875,-0.15978228671874383781670303505961783230304718017578125,0.01883983354906469676048885730779147706925868988037109375,0.1759512306779418278068760628229938447475433349609375,0.04219644102651647077362184745652484707534313201904296875
-0.244957864535201796929442252803710289299488067626953125,-0.22431038824751692306591621672851033508777618408203125,-0.238024812475045255411032485426403582096099853515625,0.16185086679486604399613725036033429205417633056640625,-0.10522836455770930019770759145103511400520801544189453125,0.1370448577252005584181659969544853083789348602294921875
-0.11109954293000819103287568623272818513214588165283203125,0.054192800112044629823326857831489178352057933807373046875,-0.189597187204155803730287743746885098516941070556640625,0.171001889155841302336824583107954822480678558349609375,0.01301473240500544518993830678255108068697154521942138671875,-0.288567555462527047804854873902513645589351654052734375
-0.207245415847118474861332515501999296247959136962890625,0.28282423051299343530473606733721680939197540283203125,0.1214346278142428570134825349668972194194793701171875,0.07544115077426712112629303419453208334743976593017578125,0.10455846585424073691417135023584705777466297149658203125,0.1662615932956532371900237876616301946341991424560546875
0.1422190015447973576723228461560211144387722015380859375,-0.1598950612656170611192152364310459233820438385009765625,-0.50322860848984074522149967378936707973480224609375,-0.0156789704141613410459665800544826197437942028045654296875,0.1757616773192939019221370244849822483956813812255859375,0.312315913940648226532204034811002202332019805908203125
0.1350634822371710175303860523854382336139678955078125,0.1882723803323694544697985975290066562592983245849609375,0.1241206076100193345101985187284299172461032867431640625,-0.48319786656462915264143020976916886866092681884765625,-0.01100081532493809265138562381025622016750276088714599609375,0.24576129025490656143659862209460698068141937255859375
-0.005353695901524756217693123971912427805364131927490234375,-0.132717206155836653369561872750637121498584747314453125,-0.0901468587327276527076946877059526741504669189453125,-0.05908417778667969522121694581073825247585773468017578125,0.18960467085576393486689994460903108119964599609375,-0.0561767702602406771017484743424574844539165496826171875
-0.06639934202442099309138257012818939983844757080078125,-0.2112345209930119038777007745011360384523868560791015625,-0.09331484714174020922428098856471478939056396484375,0.04419446352969551294886940695505472831428050994873046875,0.241246263648062397866311812322237528860569000244140625,-0.166704688955273960804248645217739976942539215087890625
0.01155290759238055374458209456633994705043733119964599609375,-0.056075135301805849319389807305924477986991405487060546875,-0.005116576345943194513432583647727369680069386959075927734375,-0.2883282705868677187055482136202044785022735595703125,-0.061570122104258419304390059778597787953913211822509765625,0.30388072336677840468155409325845539569854736328125
-0.20022499900538492934032319681136868894100189208984375,0.091821901621398416271091491580591537058353424072265625,-0.1941460728234625232602184041752479970455169677734375,-0.478330629146203667456660468815243802964687347412109375,-0.1147569291394374968451330687457812018692493438720703125,-0.2127636188558097163348037383912014774978160858154296875
0.1586915462458270698054008107646950520575046539306640625,0.200144076278063576257437716776621527969837188720703125,0.220930068343651309081820954816066659986972808837890625,0.1499892588609561816515025611806777305901050567626953125,-0.157062075299753356460996656096540391445159912109375,0.0658696833475125032020258686316083185374736785888671875
0.2375267882217262094268761529747280292212963104248046875,0.153002270142702290200986681156791746616363525390625,-0.16329854247127639776948626604280434548854827880859375,0.0564536413457250862979464045565691776573657989501953125,0.337289748108822617922442077542655169963836669921875,-0.0869898040640221525965358750909217633306980133056640625
0.273667474936131416285434170276857912540435791015625,-0.16984811902695595708934206413687206804752349853515625,0.1293418477198604310540730466527747921645641326904296875,0.1907601691665521681517958541007828898727893829345703125,-0.01077286177193417619768478488140317494980990886688232421875,-0.0640345841535655824205974795404472388327121734619140625
0.1763106166439132593826144557169754989445209503173828125,-0.332421142959633930669127721557742916047573089599609375,-0.046071047895848253606043698482608306221663951873779296875,0.1815332043836437592165822252354701049625873565673828125,0.0881042720548247115797124706659815274178981781005859375,0.43353123500783763422106176221859641373157501220703125
-0.046538849555841720062598909635198651812970638275146484375,-0.253976619519453883366821855815942399203777313232421875,0.08185085995096215427668795427962322719395160675048828125,0.0425591436130129674442201803685748018324375152587890625,-0.175090510200642979210527983013889752328395843505859375,-0.1917518376965414439450086092620040290057659149169921875
0.1951870806033102478949103897321037948131561279296875,0.0206898975387244943302533783935359679162502288818359375,0.51195551960805463220793853906798176467418670654296875,0.1535509796821312444858875778663787059485912322998046875,0.0773895473205246930969991581150679849088191986083984375,-0.399580215951090111925481096477597020566463470458984375
0.261791293654219658915138779775588773190975189208984375,0.0839153667752647047795022672289633192121982574462890625,0.35601558707018110538911059848032891750335693359375,-0.010471181108971806816843042042819433845579624176025390625,0.09189668403930716100713738114791340194642543792724609375,-0.383386428886110131042386228727991692721843719482421875
-0.2453738429726529945984481173582025803625583648681640625,0.28611196291455864848529699884238652884960174560546875,0.00244696676605350715849596099360496737062931060791015625,0.0030902415990846725767082769920079954317770898342132568359375,0.292545988923193001074452013199334032833576202392578125,0.1790076113546661129571901938106748275458812713623046875
0.01995289194309819713613052272194181568920612335205078125,-0.044971814925366171422638217336498200893402099609375,0.06327133819563100780580811033360077999532222747802734375,-0.171410892255913716031301419207011349499225616455078125,-0.16501681886862307191421450625057332217693328857421875,-0.0837041568182325945723931681641261093318462371826171875
0.101127664103099312864486591934110037982463836669921875,0.1413983531587405806373425320998649112880229949951171875,0.289173846872692485998612710318411700427532196044921875,0.44901464545848412956985384880681522190570831298828125,0.1821018863116089236964256770079373382031917572021484375,0.089775364873094398721065090285264886915683746337890625
-0.032288589283839978782975066451399470679461956024169921875,0.251193640000346218865701075628749094903469085693359375,0.2119298965009303870044021778085152618587017059326171875,-0.12151408179476770599070079015291412360966205596923828125,-0.097168050138760564404805109006701968610286712646484375,0.02905359173879913659011009485766408033668994903564453125
0.1282456416699707391071427764472900889813899993896484375,0.0039299576989675795435363880869772401638329029083251953125,0.283502537622596084698756158104515634477138519287109375,-0.182493245655334923593926532703335396945476531982421875,0.2875674163222685653096277746954001486301422119140625,0.317360667419195607852344664934207685291767120361328125
0.11809835841303095715915105756721459329128265380859375,-0.1876727498738361699093246670599910430610179901123046875,0.4600526252986154585045142084709368646144866943359375,0.2413792439216161656023729165099211968481540679931640625,-0.1763701613743489937657926702740951441228389739990234375,0.1318463191264920009171390802293899469077587127685546875
-0.2006584170029992175710020774204167537391185760498046875,0.098500389291337142605442522835801355540752410888671875,-0.231386657212326707355742883009952493011951446533203125,0.109605317356673115369858351186849176883697509765625,0.0799855322011839842133440470206551253795623779296875,-0.12404435585705098077369257225655019283294677734375
-0.1548121700246557763680499419933767057955265045166015625,0.1829664967806199360467189762857742607593536376953125,-0.161412206723433815369617150281555950641632080078125,0.254014868860207798650918675775756128132343292236328125,0.1056415897511378265694048650402692146599292755126953125,0.06988263746317645297434495432753465138375759124755859375
-0.17913548175476090573710052922251634299755096435546875,0.0727459381142019079202754028301569633185863494873046875,0.0327616704697815119828874230734072625637054443359375,-0.372613046287730564909423947028699330985546112060546875,0.16199546739938563977290186812751926481723785400390625,-0.1848835890647853030799296902841888368129730224609375
0.07054093274179816519531271978848963044583797454833984375,-0.1760339581757454363586390400087111629545688629150390625,-0.15794178710703909995771709873224608600139617919921875,-0.0075004616200040515050506684247011435218155384063720703125,0.2358668175077096307301616207041661255061626434326171875,0.08349434248766673949404548693564720451831817626953125
-0.11295821315667729789478102020439109764993190765380859375,0.347246593039435946792536924476735293865203857421875,-0.1777287091447456168769036821686313487589359283447265625,0.449424494316653377889991816118708811700344085693359375,-0.1766275630922697903457674328819848597049713134765625,-0.06286300232972476254023064257125952281057834625244140625
-0.18046215606564086630925203280639834702014923095703125,-0.056433267822324197082739516417859704233705997467041015625,-0.047267470069702881285689244350578519515693187713623046875,0.07401602143300667346892396381008438766002655029296875,0.122978901602421031302725396017194725573062896728515625,-0.07031573707558884389623443667005631141364574432373046875
-0.166625040210995667422366750543005764484405517578125,-0.0516944123334379668222027248702943325042724609375,0.18259106457427709546692540243384428322315216064453125,0.00585477796892781322812826516610584803856909275054931640625,-0.19315294985586550779999015503562986850738525390625,0.03195402662363718004900903224552166648209095001220703125
-0.1781784050342183345350122181116603314876556396484375,0.1767814426113807624307838750610244460403919219970703125,-0.277579941960307496895410395154613070189952850341796875,0.0618262898029360019602762577051180414855480194091796875,0.1331912718332843026391998364488244988024234771728515625,0.213381423147075199864275418804027140140533447265625
0.301495829233756784670816841753548942506313323974609375,0.1483442744791203249388189533419790677726268768310546875,-0.1847415344173224394097587719443254172801971435546875,0.054178036852167869852348047743362258188426494598388671875,-0.262614869760337821258389112699660472571849822998046875,-0.3421911674289483951127976979478262364864349365234375
0.046505785564291850231466440845906618051230907440185546875,-0.0051528440867166964978185461632165242917835712432861328125,0.035009486133621418868511199207205208949744701385498046875,-0.32602629385462444933097003740840591490268707275390625,-0.340718868077311498598902517187525518238544464111328125,-0.053672040792685553334262493763162638060748577117919921875
-0.24057038342251402252003344983677379786968231201171875,0.039206745762547949574194916522174025885760784149169921875,0.155678663530646854695760339382104575634002685546875,-0.28002137603743293414737536295433528721332550048828125,0.311375837914499964398373776930384337902069091796875,0.048927526258342617093699544739138218574225902557373046875
-0.1468989143464477786782396151465945877134799957275390625,-0.203016630223859184667389854439534246921539306640625,-0.06579137058818960992478963589746854268014430999755859375,-0.045367881576328560055966221398193738423287868499755859375,0.30130351473300631681695449515245854854583740234375,-0.32118734367765855441945177517482079565525054931640625
-0.0267074163628016857108260495579088455997407436370849609375,-0.362333081892128372469841224301490001380443572998046875,-0.00545244969604139102792306204037231509573757648468017578125,0.06972393113923454344149632788685266859829425811767578125,-0.2243981903285192647246049091336317360401153564453125,0.390439124956098837504470111525733955204486846923828125
-0.02814212094002453701246935224844492040574550628662109375,-0.21043118981605901662845781174837611615657806396484375,-0.014932305865190988181101516829585307277739048004150390625,-0.01234687352361994727711902442024438641965389251708984375,0.1082324521398956573836613870298606343567371368408203125,-0.2958415467142223587160287934239022433757781982421875
0.284992801172970267042927616785163991153240203857421875,-0.1748113123588895534421538968672393821179866790771484375,-0.06534504586355609212500183957672561518847942352294921875,-0.05762825331649230886643664462098968215286731719970703125,-0.5777112741677203899826054112054407596588134765625,0.08217922673930593002733502316914382390677928924560546875
-0.172648014370504310210918674783897586166858673095703125,0.6302796018125154109412733305362053215503692626953125,0.11612535348703355297939054935341118834912776947021484375,0.3529350768256194204042230921913869678974151611328125,-0.23285690933063996066465506373788230121135711669921875,0.06199711696662564552884333579640951938927173614501953125
0.138657088570333597576933470918447710573673248291015625,-0.317877770359732803040486714962753467261791229248046875,0.378426255480200979253169180083204992115497589111328125,0.366465023282532331716510043406742624938488006591796875,0.2341221391131639573135458931574248708784580230712890625,0.136759737101581457796584118113969452679157257080078125
-0.1513991364780176429594149567492422647774219512939453125,0.0293537113201144013452381642537147854454815387725830078125,0.10213604900339963432731593684366089291870594024658203125,-0.286743787956197204724873017767095007002353668212890625,-0.122415787472696269144734060319024138152599334716796875,0.208997091919430666440149479967658407986164093017578125
0.31521475055345649085580816972651518881320953369140625,0.1550875125053454706147704200702719390392303466796875,0.00983061150561737213948720892631172318942844867706298828125,-0.07470155098771069646090836613439023494720458984375,-0.0297078146642205560834515409851519507355988025665283203125,-0.07190364421742483080901564562736894004046916961669921875
0.2837760153758861481065878251683898270130157470703125,-0.1530559094615314419396412404239526949822902679443359375,0.130336842627702453878413280108361504971981048583984375,-0.278927244651538452924199873450561426579952239990234375,0.1300075889915890126058428677424672059714794158935546875,0.040979617133795186167954938127877539955079555511474609375
-0.00789778358482077190438896963087245239876210689544677734375,-0.43732186043201626279852689549443311989307403564453125,-0.2639422934233446316198978820466436445713043212890625,-0.11882053737674243276689622916819644160568714141845703125,-0.2578572359172632832979843442444689571857452392578125,-0.06734462026714206628330572357299388386309146881103515625
0.26567997454705238880023898673243820667266845703125,0.048395999689823998579640829120762646198272705078125,-0.017586160148145367487781953741432516835629940032958984375,-0.0760678375946061413603871415034518577158451080322265625,-0.23579468566762329384545182620058767497539520263671875,-0.1683824238023817476683774430057383142411708831787109375
-0.4360086954252562208012022892944514751434326171875,0.1498789918398904241758629041214589960873126983642578125,0.09142734586940380603348188515155925415456295013427734375,0.37234397424854093205937033417285420000553131103515625,-0.17019315847777527483941639729891903698444366455078125,-0.0165817380597765330618731383083286345936357975006103515625
-0.264516487950695877717777193538495339453220367431640625,-0.08099932811904754503817827071543433703482151031494140625,-0.22771287339813073291594491820433177053928375244140625,-0.1012960402411597071736792941010207869112491607666015625,-0.028972220668718691449772251189642702229321002960205078125,-0.274531790311368428803007191163487732410430908203125
0.09386232854524279023422650425345636904239654541015625,-0.20230129936382201805145086837001144886016845703125,0.44315777082896101735087768247467465698719024658203125,0.09785500966925396448825580364427878521382808685302734375,-0.56815089473865387770246115906047634780406951904296875,0.24251887529098603568655789786134846508502960205078125
0.0207492945388371603787636132665284094400703907012939453125,0.2280052575373410217451919379527680575847625732421875,-0.15256644256040541307584135211072862148284912109375,-0.262875243095956723227146767385420389473438262939453125,-0.06591282812562100634767858764462289400398731231689453125,0.01458606923786473323623180675667754258029162883758544921875
-0.02292187413654157845943615257056080736219882965087890625,0.00408111854225908128601663094059404102154076099395751953125,0.19326024802912467048798816904309205710887908935546875,0.092600944582007571614923335800995118916034698486328125,-0.032815947510277575227544133440460427664220333099365234375,-0.3861990255785101577856721632997505366802215576171875
-0.21299829783438017916097351189819164574146270751953125,-0.01245938537028365954151265526661518379114568233489990234375,-0.12115890807887107205598198333973414264619350433349609375,0.0327587086148478923153248842936591245234012603759765625,0.38141673403844345013880001715733669698238372802734375,-0.003148788926400462873100849492402630858123302459716796875
-0.1207467402133255429674818515195511281490325927734375,-0.2490428169363494148580429055073182098567485809326171875,0.06536798201686698506218675674972473643720149993896484375,0.2120437340965947992099671637333813123404979705810546875,-0.1646937694451303946241438325159833766520023345947265625,0.306585224993894456257947922495077364146709442138671875
-0.320374868115294975101647878545918501913547515869140625,0.14689522314001479674772099315305240452289581298828125,-0.01314505951049489522464153168357370304875075817108154296875,-0.2429715906918521184376658084147493354976177215576171875,0.033379873241210243628440679231061949394643306732177734375,0.10612693254479931004308213005060679279267787933349609375
-0.223924188579147698252569398391642607748508453369140625,0.196127870888503530455437839918886311352252960205078125,-0.13516092890579234353509718857822008430957794189453125,0.0432784676782201616074274852508096955716609954833984375,0.08455362364450445811225876013850211165845394134521484375,-0.1827938383479266182263245354988612234592437744140625
0.07140889510445778964875529482014826498925685882568359375,-0.186713861398782376976868135898257605731487274169921875,-0.052018555692004787849302971380893723107874393463134765625,0.0948819741706603547726217584568075835704803466796875,0.12197727224216270425216634976095519959926605224609375,0.07920372348253280903040973726092488504946231842041015625
-0.18666358035176922047781999935978092253208160400390625,-0.156193097328078012164809251771657727658748626708984375,-0.048410478701227242781524040537988184951245784759521484375,0.40330702431590881307243989795097149908542633056640625,-0.2757247679455627764610881058615632355213165283203125,-0.370781983953030025435992911297944374382495880126953125
-0.088714425418519760047075806141947396099567413330078125,-0.269488689984556606393795163967297412455081939697265625,0.03003455179113968809279100469211698509752750396728515625,0.0871858803277925087371613699360750615596771240234375,0.06873240064572992691349639926556847058236598968505859375,-0.2089832861203392566640246741371811367571353912353515625
0.095473727608953840029215598406153731048107147216796875,-0.168238101869798650778164983421447686851024627685546875,-0.1087901003060580962245040836933185346424579620361328125,0.1366963248168243383329212292665033601224422454833984375,0.025795917319143192580899182075881981290876865386962890625,-0.13345167996020845802007670499733649194240570068359375
0.416794363133038914259742568901856429874897003173828125,0.1628404771706255249608119584081578068435192108154296875,-0.07940501631650263847372883674324839375913143157958984375,-0.084041402483331584249981460743583738803863525390625,-0.08808934493401053555938773342859349213540554046630859375,-0.18334836978396762408038966896128840744495391845703125
0.1918471370756738014762277089175768196582794189453125,-0.343129897194024646722709803725592792034149169921875,-0.0603907192654133950782124884426593780517578125,0.1663856933197831455828463731450028717517852783203125,0.1270930867269820796483514868668862618505954742431640625,-0.304615398007765936227997372043319046497344970703125
-0.08176807677982793343129941376901115290820598602294921875,0.1314073408764423189776238132253638468682765960693359375,-0.349625853522676000029179022021708078682422637939453125,-0.18222702780070199057860236280248500406742095947265625,-0.07540608000367567120836298499853000976145267486572265625,0.043658888838690214362348029908389435149729251861572265625
0.15582866067211320615371050735120661556720733642578125,0.311370080008662675208341852339799515902996063232421875,0.0167858869525891983565113463328088982962071895599365234375,-0.39590279303745690153704117619781754910945892333984375,0.2568934667608158139984197987359948456287384033203125,-0.0944817816176135583106088233762420713901519775390625
0.0813621564999738866585943242171197198331356048583984375,0.1106703100877493017861752377939410507678985595703125,0.2613701226640230412812115901033394038677215576171875,0.093990564371052631731373594448086805641651153564453125,-0.51008595070686035821694304104312323033809661865234375,0.10848184617352203684692568685932201333343982696533203125
0.07821220507765043461478882136361789889633655548095703125,0.271646151035455585276423562390846200287342071533203125,0.280464633703548738008493046436342410743236541748046875,0.178257816726401063789353429456241428852081298828125,-0.1093326158304216699779232158107333816587924957275390625,-0.106011199246053344769080695186858065426349639892578125
0.075730396706191360767235210005310364067554473876953125,-0.258743010656131200430962735481443814933300018310546875,0.10603398630267042712649327995677595026791095733642578125,0.1492847661433552020060488985109259374439716339111328125,-0.1126450258251086022909248640644364058971405029296875,-0.21435540032474964533548700273968279361724853515625
-0.11914394881268541848129416393931023776531219482421875,0.3144546095942188923544335921178571879863739013671875,-0.1392678543985922112735664768479182384908199310302734375,0.1836116758435426266071743839347618632018566131591796875,0.12159199580956736586045963122160173952579498291015625,-0.184800480769554964499690186130465008318424224853515625
-0.15851339081068516190242689845035783946514129638671875,0.2113249449332439411364248371683061122894287109375,0.0412966727887932039120499894124804995954036712646484375,-0.1669538146099684150502895363388233818113803863525390625,0.120022776269003539351132303636404685676097869873046875,0.15486895720751447935725764182279817759990692138671875
0.10660455879279651103530568434507586061954498291015625,-0.3747329090410016494416822752100415527820587158203125,-0.287173147242978654691825113332015462219715118408203125,0.25406594769498180852451696409843862056732177734375,-0.2093534816981443003047758111279108561575412750244140625,0.0460353010902226078560062205724534578621387481689453125
-0.094526381294224026685668604841339401900768280029296875,0.09515670723037443490266440448976936750113964080810546875,0.220248031230307284022984504190389998257160186767578125,-0.277780188737832556267193240273627452552318572998046875,0.0367804072793313785449953456918592564761638641357421875,0.02561060109693409636566485687581007368862628936767578125
-0.28964536510762339815983068547211587429046630859375,-0.1901321840494596127069115709673496894538402557373046875,0.03077909147807389445006265304982662200927734375,-0.1854693302489748563122162750005372799932956695556640625,-0.0917689831135254652227928318097838200628757476806640625,0.10302486361336847531244842457454069517552852630615234375